      t(yr)     Limits    THETA      THETA      THETA     SALT       SALT       SALT      DIC        DIC        DIC        ALK        ALK        ALK           PO4        PO4        PO4       NO3        NO3        NO3         FET        FET        FET        LIG        LIG        LIG        EXPORT     EXPORT     EXPORT     P*       OCPCO2     OCPCO2     OCPCO2     ATPCO2       LDOC       LDOC       LDOC       PB         PB         PB      
          0               2.00000   20.00000    4.00000   34.00000   35.50000   34.75000 2200.00000 2100.00000 2400.00000 2350.00000 2350.00000 2400.00000    2.00000    0.00000    2.50000   25.00000    0.00000   35.00000    0.00000    0.00000    0.00000    2.00000    2.00000    2.00000    0.00000    0.00000    0.00000    0.28571  237.33609  313.93736  995.96146  280.00000    0.00000    0.00000    0.00000    0.00000    0.00000    0.00000
         25        333    2.00011   20.00110    4.00022   34.00186   35.50195   34.75190 2265.04364 2087.14009 2399.26538 2394.30752 2372.03180 2399.85951    2.40494    0.23348    2.49740   33.28259    0.08976   34.98075    0.00021    0.02949    0.04064    0.73486    0.22888    2.01720    0.03898    1.70297   -1.74195    0.04854  289.10339  265.52770  990.02905  280.01534    0.00000    0.00000    0.00000    0.00000    0.00000    0.00000
         75        323    2.00000   20.00000    4.00000   34.00000   35.50000   34.75000 2268.98287 2098.58889 2397.99996 2398.99310 2387.41572 2399.60089    2.37938    0.31063    2.49675   33.10129    0.05532   34.97954    0.00057    0.02365    0.11914    0.84753    0.15538    2.50495    0.10320    1.69883   -1.80204    0.05370  288.47814  264.34979  980.06643  280.00000    0.00000    0.00000    0.00000    0.00000    0.00000    0.00000
        125        324    2.00000   20.00000    4.00000   34.00000   35.50000   34.75000 2268.35351 2099.91115 2397.02193 2398.59810 2388.20602 2399.59600    2.30499    0.31343    2.49692   31.91165    0.04914   34.98253    0.00091    0.07526    0.19372    1.10219    0.19136    3.25291    0.16423    1.63683   -1.80106    0.08778  287.66274  265.33103  970.62550  280.00000    0.00000    0.00000    0.00000    0.00000    0.00000    0.00000
        175        324    2.00000   20.00000    4.00000   34.00000   35.50000   34.75000 2267.74801 2100.59708 2396.08561 2398.22226 2388.24019 2399.59668    2.23279    0.31346    2.49710   30.75642    0.04731   34.98540    0.00124    0.12377    0.26625    1.37218    0.22996    4.04142    0.22357    1.57758   -1.80115    0.12088  286.87084  266.26654  961.61329  280.00000    0.00000    0.00000    0.00000    0.00000    0.00000    0.00000
        225        324    2.00000   20.00000    4.00000   34.00000   35.50000   34.75000 2267.15508 2101.24005 2395.18582 2397.85473 2388.24113 2399.59758    2.16211    0.31335    2.49727   29.62559    0.04552   34.98821    0.00156    0.16901    0.33728    1.63087    0.26703    4.79516    0.28168    1.51958   -1.80126    0.15327  286.09689  267.18245  953.02030  280.00000    0.00000    0.00000    0.00000    0.00000    0.00000    0.00000
        275        324    2.00000   20.00000    4.00000   34.00000   35.50000   34.75000 2266.57311 2101.86721 2394.32123 2397.49420 2388.24063 2399.59848    2.09278    0.31324    2.49744   28.51628    0.04377   34.99097    0.00188    0.21085    0.40696    1.86823    0.30103    5.48578    0.33869    1.46269   -1.80138    0.18504  285.33928  268.08119  944.82790  280.00000    0.00000    0.00000    0.00000    0.00000    0.00000    0.00000
        325        324    2.00000   20.00000    4.00000   34.00000   35.50000   34.75000 2266.00201 2102.48001 2393.49068 2397.14057 2388.24008 2399.59935    2.02477    0.31314    2.49761   27.42820    0.04206   34.99368    0.00220    0.24900    0.47531    2.08109    0.33146    6.10447    0.39461    1.40688   -1.80148    0.21620  284.59783  268.96301  937.01777  280.00000    0.00000    0.00000    0.00000    0.00000    0.00000    0.00000
        375        324    2.00000   20.00000    4.00000   34.00000   35.50000   34.75000 2265.44214 2103.07828 2392.69307 2396.79407 2388.23953 2399.60022    1.95814    0.31303    2.49778   26.36203    0.04038   34.99633    0.00252    0.28329    0.54227    2.26941    0.35829    6.65134    0.44939    1.35219   -1.80158    0.24672  283.87289  269.82736  929.57226  280.00000    0.00000    0.00000    0.00000    0.00000    0.00000    0.00000
        425        324    2.00000   20.00000    4.00000   34.00000   35.50000   34.75000 2264.89403 2103.66159 2391.92726 2396.45501 2388.23900 2399.60106    1.89293    0.31293    2.49794   25.31877    0.03875   34.99892    0.00282    0.31377    0.60779    2.43460    0.38173    7.13062    0.50299    1.29868   -1.80167    0.27658  283.16498  270.67340  922.47441  280.00000    0.00000    0.00000    0.00000    0.00000    0.00000    0.00000
        475        324    2.00000   20.00000    4.00000   34.00000   35.50000   34.75000 2264.35821 2104.22952 2391.19216 2396.12374 2388.23848 2399.60188    1.82923    0.31283    2.49810   24.29949    0.03715   35.00146    0.00313    0.34064    0.67179    2.57870    0.40207    7.54836    0.55534    1.24640   -1.80175    0.30576  282.47466  271.50026  915.70792  280.00000    0.00000    0.00000    0.00000    0.00000    0.00000    0.00000
        525        324    2.00000   20.00000    4.00000   34.00000   35.50000   34.75000 2263.83518 2104.78167 2390.48669 2395.80058 2388.23798 2399.60269    1.76708    0.31273    2.49825   23.30515    0.03560   35.00393    0.00343    0.36418    0.73422    2.70394    0.41965    7.91112    0.60641    1.19540   -1.80181    0.33421  281.80242  272.30712  909.25718  280.00000    0.00000    0.00000    0.00000    0.00000    0.00000    0.00000
        575        324    2.00000   20.00000    4.00000   34.00000   35.50000   34.75000 2263.32535 2105.31773 2389.80977 2395.48579 2388.23749 2399.60347    1.70654    0.31264    2.49840   22.33655    0.03408   35.00634    0.00372    0.38473    0.79502    2.81255    0.43479    8.22541    0.65614    1.14572   -1.80187    0.36193  281.14863  273.09332  903.10720  280.00000    0.00000    0.00000    0.00000    0.00000    0.00000    0.00000
        625        324    2.00000   20.00000    4.00000   34.00000   35.50000   34.75000 2262.82906 2105.83752 2389.16036 2395.17957 2388.23701 2399.60423    1.64765    0.31255    2.49855   21.39433    0.03262   35.00868    0.00400    0.40264    0.85416    2.90662    0.44781    8.49732    0.70452    1.09739   -1.80191    0.38888  280.51358  273.85831  897.24366  280.00000    0.00000    0.00000    0.00000    0.00000    0.00000    0.00000
        675        324    2.00000   20.00000    4.00000   34.00000   35.50000   34.75000 2262.34654 2106.34092 2388.53745 2394.88206 2388.23655 2399.60497    1.59044    0.31246    2.49869   20.47894    0.03119   35.01096    0.00428    0.41823    0.91162    2.98804    0.45898    8.73241    0.75151    1.05044   -1.80195    0.41507  279.89744  274.60170  891.65287  280.00000    0.00000    0.00000    0.00000    0.00000    0.00000    0.00000
        725        324    2.00000   20.00000    4.00000   34.00000   35.50000   34.75000 2261.87796 2106.82792 2387.94003 2394.59337 2388.23610 2399.60569    1.53492    0.31237    2.49883   19.59065    0.02982   35.01317    0.00455    0.43181    0.96736    3.05852    0.46855    8.93566    0.79711    1.00488   -1.80199    0.44048  279.30028  275.32325  886.32175  280.00000    0.00000    0.00000    0.00000    0.00000    0.00000    0.00000
        775        324    2.00000   20.00000    4.00000   34.00000   35.50000   34.75000 2261.42339 2107.29860 2387.36713 2394.31353 2388.23567 2399.60638    1.48111    0.31229    2.49897   18.72960    0.02848   35.01531    0.00482    0.44365    1.02139    3.11956    0.47675    9.11144    0.84130    0.96071   -1.80201    0.46510  278.72209  276.02284  881.23782  280.00000    0.00000    0.00000    0.00000    0.00000    0.00000    0.00000
        825        324    2.00000   20.00000    4.00000   34.00000   35.50000   34.75000 2260.98284 2107.75308 2386.81781 2394.04254 2388.23525 2399.60706    1.42900    0.31221    2.49910   17.89579    0.02719   35.01738    0.00507    0.45398    1.07371    3.17247    0.48378    9.26358    0.88409    0.91795   -1.80204    0.48895  278.16276  276.70043  876.38919  280.00000    0.00000    0.00000    0.00000    0.00000    0.00000    0.00000
        875        324    2.00000   20.00000    4.00000   34.00000   35.50000   34.75000 2260.55628 2108.19156 2386.29116 2393.78036 2388.23484 2399.60771    1.37858    0.31213    2.49922   17.08908    0.02595   35.01939    0.00532    0.46301    1.12432    3.21839    0.48979    9.39542    0.92548    0.87657   -1.80205    0.51201  277.62212  277.35613  871.76454  280.00000    0.00000    0.00000    0.00000    0.00000    0.00000    0.00000
        925        324    2.00000   20.00000    4.00000   34.00000   35.50000   34.75000 2260.14359 2108.61430 2385.78628 2393.52691 2388.23445 2399.60834    1.32984    0.31206    2.49934   16.30925    0.02475   35.02133    0.00557    0.47093    1.17324    3.25830    0.49494    9.50982    0.96550    0.83657   -1.80206    0.53431  277.09996  277.99010  867.35307  280.00000    0.00000    0.00000    0.00000    0.00000    0.00000    0.00000
        975        324    2.00000   20.00000    4.00000   34.00000   35.50000   34.75000 2259.74464 2109.02159 2385.30230 2393.28210 2388.23407 2399.60895    1.28276    0.31198    2.49946   15.55598    0.02359   35.02320    0.00580    0.47789    1.22050    3.29306    0.49935    9.60925    1.00414    0.79793   -1.80207    0.55584  276.59597  278.60259  863.14452  280.00000    0.00000    0.00000    0.00000    0.00000    0.00000    0.00000
       1025        324    2.00000   20.00000    4.00000   34.00000   35.50000   34.75000 2259.35924 2109.41374 2384.83841 2393.04579 2388.23371 2399.60954    1.23731    0.31191    2.49957   14.82887    0.02247   35.02501    0.00603    0.48401    1.26611    3.32340    0.50314    9.69585    1.04144    0.76064   -1.80208    0.57662  276.10986  279.19389  859.12912  280.00000    0.00000    0.00000    0.00000    0.00000    0.00000    0.00000
       1075        324    2.00000   20.00000    4.00000   34.00000   35.50000   34.75000 2258.98717 2109.79110 2384.39380 2392.81784 2388.23336 2399.61010    1.19348    0.31185    2.49968   14.12749    0.02139   35.02675    0.00625    0.48942    1.31010    3.34993    0.50638    9.77142    1.07742    0.72466   -1.80208    0.59667  275.64125  279.76437  855.29758  280.00000    0.00000    0.00000    0.00000    0.00000    0.00000    0.00000
       1125        324    2.00000   20.00000    4.00000   34.00000   35.50000   34.75000 2258.62820 2110.15406 2383.96768 2392.59809 2388.23302 2399.61065    1.15122    0.31178    2.49979   13.45132    0.02035   35.02843    0.00647    0.49421    1.35252    3.37319    0.50916    9.83753    1.11211    0.68998   -1.80208    0.61599  275.18977  280.31443  851.64107  280.00000    0.00000    0.00000    0.00000    0.00000    0.00000    0.00000
       1175        324    2.00000   20.00000    4.00000   34.00000   35.50000   34.75000 2258.28205 2110.50299 2383.55931 2392.38635 2388.23270 2399.61118    1.11050    0.31172    2.49989   12.79982    0.01936   35.03005    0.00667    0.49847    1.39338    3.39364    0.51156    9.89550    1.14552    0.65656   -1.80208    0.63460  274.75500  280.84449  848.15120  280.00000    0.00000    0.00000    0.00000    0.00000    0.00000    0.00000
       1225        324    2.00000   20.00000    4.00000   34.00000   35.50000   34.75000 2257.94844 2110.83829 2383.16797 2392.18244 2388.23239 2399.61168    1.07128    0.31166    2.49998   12.17240    0.01840   35.03161    0.00687    0.50226    1.43273    3.41167    0.51361    9.94646    1.17770    0.62438   -1.80208    0.65253  274.33653  281.35502  844.81998  280.00000    0.00000    0.00000    0.00000    0.00000    0.00000    0.00000
       1275        324    2.00000   20.00000    4.00000   34.00000   35.50000   34.75000 2257.62707 2111.16037 2382.79295 2391.98616 2388.23209 2399.61217    1.03354    0.31160    2.50008   11.56847    0.01747   35.03312    0.00707    0.50565    1.47061    3.42761    0.51538    9.99139    1.20867    0.59340   -1.80207    0.66978  273.93391  281.84650  841.63984  280.00000    0.00000    0.00000    0.00000    0.00000    0.00000    0.00000
       1325        324    2.00000   20.00000    4.00000   34.00000   35.50000   34.75000 2257.31764 2111.46964 2382.43360 2391.79731 2388.23180 2399.61264    0.99722    0.31155    2.50017   10.98740    0.01659   35.03456    0.00725    0.50869    1.50705    3.44174    0.51690   10.03112    1.23847    0.56359   -1.80207    0.68638  273.54670  282.31944  838.60356  280.00000    0.00000    0.00000    0.00000    0.00000    0.00000    0.00000
       1375        324    2.00000   20.00000    4.00000   34.00000   35.50000   34.75000 2257.01983 2111.76651 2382.08926 2391.61569 2388.23152 2399.61309    0.96229    0.31149    2.50026   10.42855    0.01574   35.03595    0.00744    0.51142    1.54210    3.45431    0.51822   10.06635    1.26713    0.53493   -1.80206    0.70235  273.17445  282.77434  835.70430  280.00000    0.00000    0.00000    0.00000    0.00000    0.00000    0.00000
       1425        324    2.00000   20.00000    4.00000   34.00000   35.50000   34.75000 2256.73330 2112.05139 2381.75931 2391.44107 2388.23126 2399.61353    0.92871    0.31144    2.50034    9.89128    0.01492   35.03729    0.00761    0.51389    1.57579    3.46552    0.51935   10.09767    1.29468    0.50737   -1.80205    0.71769  272.81670  283.21172  832.93555  280.00000    0.00000    0.00000    0.00000    0.00000    0.00000    0.00000
       1475        324    2.00000   20.00000    4.00000   34.00000   35.50000   34.75000 2256.45775 2112.32469 2381.44316 2391.27326 2388.23100 2399.61394    0.89644    0.31139    2.50042    9.37493    0.01413   35.03857    0.00778    0.51612    1.60817    3.47555    0.52033   10.12562    1.32116    0.48089   -1.80205    0.73244  272.47300  283.63211  830.29113  280.00000    0.00000    0.00000    0.00000    0.00000    0.00000    0.00000
       1525        324    2.00000   20.00000    4.00000   34.00000   35.50000   34.75000 2256.19283 2112.58681 2381.14023 2391.11203 2388.23076 2399.61435    0.86544    0.31134    2.50050    8.87885    0.01338   35.03980    0.00794    0.51814    1.63928    3.48456    0.52118   10.15062    1.34660    0.45544   -1.80204    0.74661  272.14289  284.03603  827.76515  280.00000    0.00000    0.00000    0.00000    0.00000    0.00000    0.00000
       1575        324    2.00000   20.00000    4.00000   34.00000   35.50000   34.75000 2255.93822 2112.83815 2380.84997 2390.95719 2388.23052 2399.61473    0.83566    0.31130    2.50057    8.40239    0.01265   35.04099    0.00809    0.51999    1.66916    3.49268    0.52192   10.17306    1.37103    0.43100   -1.80203    0.76021  271.82593  284.42402  825.35204  280.00000    0.00000    0.00000    0.00000    0.00000    0.00000    0.00000
       1625        324    2.00000   20.00000    4.00000   34.00000   35.50000   34.75000 2255.69358 2113.07910 2380.57186 2390.80850 2388.23030 2399.61510    0.80706    0.31126    2.50064    7.94490    0.01196   35.04213    0.00824    0.52167    1.69785    3.50000    0.52255   10.19326    1.39448    0.40753   -1.80202    0.77328  271.52166  284.79658  823.04649  280.00000    0.00000    0.00000    0.00000    0.00000    0.00000    0.00000
       1675        324    2.00000   20.00000    4.00000   34.00000   35.50000   34.75000 2255.45861 2113.31004 2380.30538 2390.66578 2388.23008 2399.61546    0.77962    0.31121    2.50071    7.50576    0.01129   35.04322    0.00839    0.52303    1.72539    3.50664    0.52311   10.21150    1.41700    0.38501   -1.80201    0.78581  271.22966  285.15423  820.84345  280.00000    0.00000    0.00000    0.00000    0.00000    0.00000    0.00000
       1725        324    2.00000   20.00000    4.00000   34.00000   35.50000   34.75000 2255.23307 2113.53127 2380.05004 2390.52887 2388.22987 2399.61580    0.75329    0.31117    2.50078    7.08449    0.01066   35.04427    0.00853    0.52360    1.75180    3.51267    0.52359   10.22801    1.43860    0.36340   -1.80200    0.79784  270.94960  285.49736  818.73809  280.00000    0.00000    0.00000    0.00000    0.00000    0.00000    0.00000
       1775        324    2.00000   20.00000    4.00000   34.00000   35.50000   34.75000 2255.01669 2113.74307 2379.80538 2390.39761 2388.22967 2399.61612    0.72805    0.31114    2.50084    6.68061    0.01004   35.04527    0.00866    0.52404    1.77712    3.51817    0.52401   10.24301    1.45930    0.34268   -1.80198    0.80937  270.68114  285.82635  816.72582  280.00000    0.00000    0.00000    0.00000    0.00000    0.00000    0.00000
       1825        324    2.00000   20.00000    4.00000   34.00000   35.50000   34.75000 2254.80916 2113.94580 2379.57093 2390.27179 2388.22948 2399.61644    0.70385    0.31110    2.50090    6.29349    0.00946   35.04623    0.00879    0.52442    1.80140    3.52319    0.52437   10.25666    1.47915    0.32283   -1.80197    0.82042  270.42384  286.14171  814.80226  280.00000    0.00000    0.00000    0.00000    0.00000    0.00000    0.00000
       1875        324    2.00000   20.00000    4.00000   34.00000   35.50000   34.75000 2254.61016 2114.13984 2379.34627 2390.15122 2388.22930 2399.61673    0.68066    0.31106    2.50096    5.92250    0.00890   35.04716    0.00891    0.52475    1.82466    3.52779    0.52469   10.26912    1.49816    0.30380   -1.80196    0.83101  270.17728  286.44394  812.96328  280.00000    0.00000    0.00000    0.00000    0.00000    0.00000    0.00000
       1925        324    2.00000   20.00000    4.00000   34.00000   35.50000   34.75000 2254.41938 2114.32554 2379.13097 2390.03570 2388.22913 2399.61702    0.65845    0.31103    2.50101    5.56704    0.00836   35.04804    0.00903    0.52504    1.84694    3.53201    0.52496   10.28052    1.51639    0.28556   -1.80195    0.84116  269.94105  286.73354  811.20494  280.00000    0.00000    0.00000    0.00000    0.00000    0.00000    0.00000
       1975        324    2.00000   20.00000    4.00000   34.00000   35.50000   34.75000 2254.23650 2114.50322 2378.92465 2389.92502 2388.22896 2399.61730    0.63717    0.31100    2.50106    5.22651    0.00785   35.04889    0.00914    0.52529    1.86830    3.53590    0.52521   10.29099    1.53384    0.26810   -1.80194    0.85088  269.71475  287.01099  809.52349  280.00000    0.00000    0.00000    0.00000    0.00000    0.00000    0.00000
       2025        324    2.00000   20.00000    4.00000   34.00000   35.50000   34.75000 2254.06123 2114.67321 2378.72692 2389.81902 2388.22880 2399.61756    0.61678    0.31097    2.50111    4.90034    0.00736   35.04970    0.00925    0.52552    1.88875    3.53948    0.52542   10.30061    1.55056    0.25137   -1.80193    0.86019  269.49800  287.27675  807.91537  280.00000    0.00000    0.00000    0.00000    0.00000    0.00000    0.00000
       2075        324    2.00000   20.00000    4.00000   34.00000   35.50000   34.75000 2253.89329 2114.83584 2378.53742 2389.71750 2388.22865 2399.61781    0.59726    0.31094    2.50116    4.58797    0.00688   35.05047    0.00936    0.52571    1.90833    3.54279    0.52560   10.30947    1.56657    0.23534   -1.80192    0.86910  269.29042  287.53127  806.37720  280.00000    0.00000    0.00000    0.00000    0.00000    0.00000    0.00000
       2125        324    2.00000   20.00000    4.00000   34.00000   35.50000   34.75000 2253.73239 2114.99140 2378.35579 2389.62029 2388.22850 2399.61805    0.57856    0.31091    2.50121    4.28886    0.00643   35.05122    0.00946    0.52588    1.92708    3.54586    0.52576   10.31766    1.58190    0.22000   -1.80190    0.87764  269.09164  287.77501  804.90575  280.00000    0.00000    0.00000    0.00000    0.00000    0.00000    0.00000
       2175        324    2.00000   20.00000    4.00000   34.00000   35.50000   34.75000 2253.57825 2115.14019 2378.18170 2389.52722 2388.22836 2399.61829    0.56066    0.31088    2.50125    4.00249    0.00600   35.05193    0.00955    0.52604    1.94504    3.54871    0.52590   10.32524    1.59658    0.20531   -1.80189    0.88581  268.90132  288.00837  803.49797  280.00000    0.00000    0.00000    0.00000    0.00000    0.00000    0.00000
       2225        324    2.00000   20.00000    4.00000   34.00000   35.50000   34.75000 2253.43062 2115.28249 2378.01483 2389.43812 2388.22823 2399.61851    0.54353    0.31086    2.50130    3.72835    0.00559   35.05261    0.00965    0.52617    1.96223    3.55136    0.52603   10.33226    1.61063    0.19125   -1.80188    0.89364  268.71912  288.23178  802.15093  280.00000    0.00000    0.00000    0.00000    0.00000    0.00000    0.00000
       2275        324    2.00000   20.00000    4.00000   34.00000   35.50000   34.75000 2253.28924 2115.41858 2377.85487 2389.35284 2388.22810 2399.61872    0.52713    0.31083    2.50134    3.46594    0.00520   35.05326    0.00973    0.52629    1.97868    3.55383    0.52614   10.33879    1.62408    0.17779   -1.80187    0.90112  268.54470  288.44562  800.86186  280.00000    0.00000    0.00000    0.00000    0.00000    0.00000    0.00000
       2325        324    2.00000   20.00000    4.00000   34.00000   35.50000   34.75000 2253.15385 2115.54871 2377.70153 2389.27122 2388.22798 2399.61892    0.51143    0.31081    2.50138    3.21480    0.00482   35.05389    0.00982    0.52639    1.99442    3.55613    0.52623   10.34486    1.63696    0.16491   -1.80186    0.90829  268.37776  288.65030  799.62812  280.00000    0.00000    0.00000    0.00000    0.00000    0.00000    0.00000
       2375        324    2.00000   20.00000    4.00000   34.00000   35.50000   34.75000 2253.02423 2115.67314 2377.55453 2389.19311 2388.22786 2399.61912    0.49641    0.31079    2.50141    2.97446    0.00446   35.05449    0.00990    0.52649    2.00949    3.55828    0.52632   10.35052    1.64928    0.15258   -1.80185    0.91515  268.21799  288.84617  798.44720  280.00000    0.00000    0.00000    0.00000    0.00000    0.00000    0.00000
       2425        324    2.00000   20.00000    4.00000   34.00000   35.50000   34.75000 2252.90014 2115.79210 2377.41360 2389.11837 2388.22775 2399.61930    0.48204    0.31077    2.50145    2.74449    0.00411   35.05506    0.00998    0.52657    2.02391    3.56030    0.52639   10.35579    1.66106    0.14078   -1.80184    0.92171  268.06508  289.03360  797.31670  280.00000    0.00000    0.00000    0.00000    0.00000    0.00000    0.00000
       2475        324    2.00000   20.00000    4.00000   34.00000   35.50000   34.75000 2252.78136 2115.90584 2377.27848 2389.04686 2388.22764 2399.61948    0.46829    0.31074    2.50148    2.52446    0.00378   35.05560    0.01005    0.52664    2.03771    3.56218    0.52645   10.36073    1.67234    0.12950   -1.80183    0.92799  267.91877  289.21294  796.23435  280.00000    0.00000    0.00000    0.00000    0.00000    0.00000    0.00000
       2525        324    2.00000   20.00000    4.00000   34.00000   35.50000   34.75000 2252.66767 2116.01457 2377.14892 2388.97844 2388.22754 2399.61965    0.45513    0.31073    2.50152    2.31396    0.00347   35.05613    0.01012    0.52670    2.05090    3.56395    0.52651   10.36535    1.68313    0.11870   -1.80183    0.93399  267.77877  289.38451  795.19797  280.00000    0.00000    0.00000    0.00000    0.00000    0.00000    0.00000
       2575        324    2.00000   20.00000    4.00000   34.00000   35.50000   34.75000 2252.55886 2116.11851 2377.02468 2388.91300 2388.22744 2399.61981    0.44255    0.31071    2.50155    2.11259    0.00316   35.05663    0.01019    0.52676    2.06353    3.56561    0.52656   10.36967    1.69345    0.10837   -1.80182    0.93974  267.64483  289.54864  794.20549  280.00000    0.00000    0.00000    0.00000    0.00000    0.00000    0.00000
       2625        324    2.00000   20.00000    4.00000   34.00000   35.50000   34.75000 2252.45473 2116.21787 2376.90554 2388.85040 2388.22734 2399.61997    0.43051    0.31069    2.50158    1.91997    0.00287   35.05711    0.01026    0.52681    2.07561    3.56717    0.52660   10.37373    1.70332    0.09849   -1.80181    0.94523  267.51669  289.70564  793.25496  280.00000    0.00000    0.00000    0.00000    0.00000    0.00000    0.00000
       2675        324    2.00000   20.00000    4.00000   34.00000   35.50000   34.75000 2252.35509 2116.31284 2376.79129 2388.79053 2388.22725 2399.62012    0.41899    0.31067    2.50161    1.73574    0.00260   35.05757    0.01032    0.52685    2.08716    3.56864    0.52663   10.37754    1.71276    0.08904   -1.80180    0.95049  267.39410  289.85581  792.34448  280.00000    0.00000    0.00000    0.00000    0.00000    0.00000    0.00000
       2725        324    2.00000   20.00000    4.00000   34.00000   35.50000   34.75000 2252.25976 2116.40360 2376.68171 2388.73326 2388.22717 2399.62026    0.40798    0.31065    2.50163    1.55955    0.00233   35.05800    0.01038    0.52689    2.09820    3.57002    0.52667   10.38112    1.72179    0.08000   -1.80179    0.95552  267.27684  289.99942  791.47228  280.00000    0.00000    0.00000    0.00000    0.00000    0.00000    0.00000
       2775        324    2.00000   20.00000    4.00000   34.00000   35.50000   34.75000 2252.16855 2116.49036 2376.57661 2388.67850 2388.22709 2399.62040    0.39745    0.31064    2.50166    1.39105    0.00208   35.05842    0.01044    0.52693    2.10877    3.57133    0.52670   10.38449    1.73043    0.07136   -1.80179    0.96032  267.16468  290.13677  790.63664  280.00000    0.00000    0.00000    0.00000    0.00000    0.00000    0.00000
       2825        324    2.00000   20.00000    4.00000   34.00000   35.50000   34.75000 2252.08130 2116.57327 2376.47580 2388.62614 2388.22701 2399.62053    0.38738    0.31062    2.50169    1.22993    0.00184   35.05882    0.01049    0.52696    2.11887    3.57256    0.52672   10.38766    1.73869    0.06309   -1.80178    0.96492  267.05740  290.26810  789.83594  280.00000    0.00000    0.00000    0.00000    0.00000    0.00000    0.00000
       2875        324    2.00000   20.00000    4.00000   34.00000   35.50000   34.75000 2251.99783 2116.65250 2376.37909 2388.57607 2388.22693 2399.62065    0.37775    0.31061    2.50171    1.07587    0.00161   35.05921    0.01055    0.52698    2.12853    3.57372    0.52674   10.39065    1.74658    0.05519   -1.80177    0.96931  266.95479  290.39369  789.06864  280.00000    0.00000    0.00000    0.00000    0.00000    0.00000    0.00000
       2925        324    2.00000   20.00000    4.00000   34.00000   35.50000   34.75000 2251.91799 2116.72822 2376.28631 2388.52819 2388.22686 2399.62077    0.36854    0.31060    2.50173    0.92856    0.00139   35.05957    0.01060    0.52701    2.13776    3.57481    0.52676   10.39347    1.75413    0.04763   -1.80177    0.97351  266.85667  290.51376  788.33326  280.00000    0.00000    0.00000    0.00000    0.00000    0.00000    0.00000
       2975        324    2.00000   20.00000    4.00000   34.00000   35.50000   34.75000 2251.84163 2116.80058 2376.19730 2388.48242 2388.22679 2399.62088    0.35974    0.31058    2.50175    0.78773    0.00118   35.05992    0.01064    0.52703    2.14659    3.57585    0.52677   10.39613    1.76135    0.04041   -1.80176    0.97753  266.76283  290.62856  787.62839  280.00000    0.00000    0.00000    0.00000    0.00000    0.00000    0.00000
       3025        324    2.00000   20.00000    4.00000   34.00000   35.50000   34.75000 2251.76859 2116.86972 2376.11189 2388.43866 2388.22673 2399.62099    0.35133    0.31057    2.50177    0.65309    0.00098   35.06026    0.01069    0.52705    2.15503    3.57683    0.52679   10.39864    1.76825    0.03350   -1.80175    0.98137  266.67309  290.73832  786.95268  280.00000    0.00000    0.00000    0.00000    0.00000    0.00000    0.00000
       3075        324    2.00000   20.00000    4.00000   34.00000   35.50000   34.75000 2251.69874 2116.93579 2376.02993 2388.39683 2388.22666 2399.62110    0.34328    0.31056    2.50179    0.52438    0.00078   35.06058    0.01073    0.52706    2.16310    3.57776    0.52680   10.40102    1.77485    0.02690   -1.80175    0.98504  266.58728  290.84323  786.30486  280.00000    0.00000    0.00000    0.00000    0.00000    0.00000    0.00000
       3125        324    2.00000   20.00000    4.00000   34.00000   35.50000   34.75000 2251.63194 2116.99891 2375.95129 2388.35684 2388.22660 2399.62120    0.33559    0.31055    2.50181    0.40134    0.00060   35.06088    0.01078    0.52708    2.17082    3.57864    0.52681   10.40326    1.78115    0.02059   -1.80174    0.98855  266.50522  290.94353  785.68370  280.00000    0.00000    0.00000    0.00000    0.00000    0.00000    0.00000
       3175        324    2.00000   20.00000    4.00000   34.00000   35.50000   34.75000 2251.56807 2117.05923 2375.87581 2388.31862 2388.22655 2399.62129    0.32824    0.31054    2.50183    0.28373    0.00042   35.06118    0.01082    0.52709    2.17819    3.57947    0.52682   10.40539    1.78718    0.01456   -1.80174    0.99191  266.42676  291.03940  785.08805  280.00000    0.00000    0.00000    0.00000    0.00000    0.00000    0.00000
       3225        224    2.00000   20.00000    4.00000   34.00000   35.50000   34.75000 2251.51647 2117.11002 2375.80306 2388.28693 2388.22650 2399.62137    0.32215    0.31053    2.50185    0.18623    0.00028   35.06142    0.01178    0.52711    2.18524    3.58024    0.52683   10.40740    1.79186    0.00955   -1.80141    0.99469  266.36444  291.12016  784.51451  280.00000    0.00000    0.00000    0.00000    0.00000    0.00000    0.00000
       3275        224    2.00000   20.00000    4.00000   34.00000   35.50000   34.75000 2251.50852 2117.11713 2375.73114 2388.28283 2388.22649 2399.62138    0.32136    0.31052    2.50185    0.17361    0.00026   35.06145    0.01772    0.52720    2.19196    3.58090    0.52691   10.40929    1.79221    0.00891   -1.80112    0.99505  266.35385  291.13146  783.94826  280.00000    0.00000    0.00000    0.00000    0.00000    0.00000    0.00000
       3325        224    2.00000   20.00000    4.00000   34.00000   35.50000   34.75000 2251.50547 2117.11690 2375.66065 2388.28283 2388.22649 2399.62138    0.32136    0.31052    2.50185    0.17361    0.00026   35.06145    0.02415    0.52728    2.19838    3.58146    0.52700   10.41095    1.79221    0.00891   -1.80112    0.99505  266.34774  291.13109  783.39375  280.00000    0.00000    0.00000    0.00000    0.00000    0.00000    0.00000
       3375        224    2.00000   20.00000    4.00000   34.00000   35.50000   34.75000 2251.50249 2117.11667 2375.59175 2388.28283 2388.22649 2399.62138    0.32136    0.31052    2.50185    0.17361    0.00026   35.06145    0.03029    0.52736    2.20452    3.58193    0.52707   10.41231    1.79221    0.00891   -1.80112    0.99505  266.34178  291.13073  782.85218  280.00000    0.00000    0.00000    0.00000    0.00000    0.00000    0.00000
       3425        224    2.00000   20.00000    4.00000   34.00000   35.50000   34.75000 2251.49957 2117.11645 2375.52442 2388.28283 2388.22649 2399.62138    0.32136    0.31052    2.50185    0.17361    0.00026   35.06145    0.03616    0.52742    2.21039    3.58231    0.52712   10.41342    1.79221    0.00891   -1.80112    0.99505  266.33595  291.13038  782.32324  280.00000    0.00000    0.00000    0.00000    0.00000    0.00000    0.00000
       3475        224    2.00000   20.00000    4.00000   34.00000   35.50000   34.75000 2251.49672 2117.11623 2375.45860 2388.28283 2388.22649 2399.62138    0.32136    0.31052    2.50185    0.17361    0.00026   35.06145    0.04177    0.52747    2.21600    3.58262    0.52717   10.41432    1.79221    0.00891   -1.80112    0.99505  266.33025  291.13003  781.80663  280.00000    0.00000    0.00000    0.00000    0.00000    0.00000    0.00000
       3525        224    2.00000   20.00000    4.00000   34.00000   35.50000   34.75000 2251.49393 2117.11602 2375.39428 2388.28283 2388.22649 2399.62138    0.32136    0.31052    2.50185    0.17361    0.00026   35.06145    0.04712    0.52751    2.22135    3.58288    0.52721   10.41507    1.79221    0.00891   -1.80112    0.99505  266.32468  291.12970  781.30205  280.00000    0.00000    0.00000    0.00000    0.00000    0.00000    0.00000
       3575        224    2.00000   20.00000    4.00000   34.00000   35.50000   34.75000 2251.49121 2117.11581 2375.33141 2388.28283 2388.22649 2399.62138    0.32136    0.31052    2.50185    0.17361    0.00026   35.06145    0.05224    0.52754    2.22647    3.58309    0.52724   10.41567    1.79221    0.00891   -1.80112    0.99505  266.31924  291.12937  780.80920  280.00000    0.00000    0.00000    0.00000    0.00000    0.00000    0.00000
       3625        224    2.00000   20.00000    4.00000   34.00000   35.50000   34.75000 2251.48855 2117.11561 2375.26996 2388.28283 2388.22649 2399.62138    0.32136    0.31052    2.50185    0.17361    0.00026   35.06145    0.05712    0.52757    2.23135    3.58326    0.52727   10.41617    1.79221    0.00891   -1.80112    0.99505  266.31392  291.12905  780.32782  280.00000    0.00000    0.00000    0.00000    0.00000    0.00000    0.00000
       3675        224    2.00000   20.00000    4.00000   34.00000   35.50000   34.75000 2251.48595 2117.11541 2375.20990 2388.28283 2388.22649 2399.62138    0.32136    0.31052    2.50185    0.17361    0.00026   35.06145    0.06179    0.52759    2.23601    3.58340    0.52729   10.41658    1.79221    0.00891   -1.80112    0.99505  266.30871  291.12873  779.85763  280.00000    0.00000    0.00000    0.00000    0.00000    0.00000    0.00000
       3725        224    2.00000   20.00000    4.00000   34.00000   35.50000   34.75000 2251.48340 2117.11522 2375.15121 2388.28283 2388.22649 2399.62138    0.32136    0.31052    2.50185    0.17361    0.00026   35.06145    0.06624    0.52761    2.24046    3.58351    0.52730   10.41691    1.79221    0.00891   -1.80112    0.99505  266.30363  291.12842  779.39837  280.00000    0.00000    0.00000    0.00000    0.00000    0.00000    0.00000
       3775        224    2.00000   20.00000    4.00000   34.00000   35.50000   34.75000 2251.48092 2117.11503 2375.09383 2388.28283 2388.22649 2399.62138    0.32136    0.31052    2.50185    0.17361    0.00026   35.06145    0.07049    0.52763    2.24471    3.58360    0.52732   10.41718    1.79221    0.00891   -1.80112    0.99505  266.29866  291.12812  778.94976  280.00000    0.00000    0.00000    0.00000    0.00000    0.00000    0.00000
       3825        224    2.00000   20.00000    4.00000   34.00000   35.50000   34.75000 2251.47849 2117.11484 2375.03776 2388.28283 2388.22649 2399.62138    0.32136    0.31052    2.50185    0.17361    0.00026   35.06145    0.07454    0.52764    2.24877    3.58368    0.52733   10.41740    1.79221    0.00891   -1.80112    0.99505  266.29381  291.12783  778.51156  280.00000    0.00000    0.00000    0.00000    0.00000    0.00000    0.00000
       3875        224    2.00000   20.00000    4.00000   34.00000   35.50000   34.75000 2251.47611 2117.11466 2374.98296 2388.28283 2388.22649 2399.62138    0.32136    0.31052    2.50185    0.17361    0.00026   35.06145    0.07842    0.52765    2.25264    3.58374    0.52734   10.41758    1.79221    0.00891   -1.80112    0.99505  266.28906  291.12754  778.08353  280.00000    0.00000    0.00000    0.00000    0.00000    0.00000    0.00000
       3925        224    2.00000   20.00000    4.00000   34.00000   35.50000   34.75000 2251.47379 2117.11448 2374.92939 2388.28283 2388.22649 2399.62138    0.32136    0.31052    2.50185    0.17361    0.00026   35.06145    0.08211    0.52766    2.25633    3.58379    0.52735   10.41773    1.79221    0.00891   -1.80112    0.99505  266.28443  291.12726  777.66541  280.00000    0.00000    0.00000    0.00000    0.00000    0.00000    0.00000
       3975        224    2.00000   20.00000    4.00000   34.00000   35.50000   34.75000 2251.47152 2117.11431 2374.87704 2388.28283 2388.22649 2399.62138    0.32136    0.31052    2.50185    0.17361    0.00026   35.06145    0.08564    0.52767    2.25986    3.58384    0.52735   10.41785    1.79221    0.00891   -1.80112    0.99505  266.27989  291.12699  777.25699  280.00000    0.00000    0.00000    0.00000    0.00000    0.00000    0.00000
       4025        224    2.00000   20.00000    4.00000   34.00000   35.50000   34.75000 2251.46931 2117.11414 2374.82587 2388.28283 2388.22649 2399.62138    0.32136    0.31052    2.50185    0.17361    0.00026   35.06145    0.08900    0.52768    2.26322    3.58387    0.52736   10.41795    1.79221    0.00891   -1.80112    0.99505  266.27546  291.12672  776.85801  280.00000    0.00000    0.00000    0.00000    0.00000    0.00000    0.00000
       4075        224    2.00000   20.00000    4.00000   34.00000   35.50000   34.75000 2251.46714 2117.11398 2374.77586 2388.28283 2388.22649 2399.62138    0.32136    0.31052    2.50185    0.17361    0.00026   35.06145    0.09221    0.52769    2.26643    3.58390    0.52736   10.41803    1.79221    0.00891   -1.80112    0.99505  266.27113  291.12646  776.46827  280.00000    0.00000    0.00000    0.00000    0.00000    0.00000    0.00000
       4125        224    2.00000   20.00000    4.00000   34.00000   35.50000   34.75000 2251.46502 2117.11382 2374.72698 2388.28283 2388.22649 2399.62138    0.32136    0.31052    2.50185    0.17361    0.00026   35.06145    0.09527    0.52769    2.26949    3.58392    0.52736   10.41810    1.79221    0.00891   -1.80112    0.99505  266.26690  291.12620  776.08755  280.00000    0.00000    0.00000    0.00000    0.00000    0.00000    0.00000
       4175        224    2.00000   20.00000    4.00000   34.00000   35.50000   34.75000 2251.46295 2117.11366 2374.67921 2388.28283 2388.22649 2399.62138    0.32136    0.31052    2.50185    0.17361    0.00026   35.06145    0.09820    0.52770    2.27242    3.58394    0.52737   10.41815    1.79221    0.00891   -1.80112    0.99505  266.26276  291.12595  775.71563  280.00000    0.00000    0.00000    0.00000    0.00000    0.00000    0.00000
       4225        224    2.00000   20.00000    4.00000   34.00000   35.50000   34.75000 2251.46093 2117.11350 2374.63252 2388.28283 2388.22649 2399.62138    0.32136    0.31052    2.50185    0.17361    0.00026   35.06145    0.10099    0.52770    2.27520    3.58395    0.52737   10.41820    1.79221    0.00891   -1.80112    0.99505  266.25872  291.12570  775.35230  280.00000    0.00000    0.00000    0.00000    0.00000    0.00000    0.00000
       4275        224    2.00000   20.00000    4.00000   34.00000   35.50000   34.75000 2251.45895 2117.11335 2374.58688 2388.28283 2388.22649 2399.62138    0.32136    0.31052    2.50185    0.17361    0.00026   35.06145    0.10365    0.52770    2.27786    3.58397    0.52737   10.41824    1.79221    0.00891   -1.80112    0.99505  266.25477  291.12546  774.99736  280.00000    0.00000    0.00000    0.00000    0.00000    0.00000    0.00000
       4325        224    2.00000   20.00000    4.00000   34.00000   35.50000   34.75000 2251.45702 2117.11321 2374.54228 2388.28283 2388.22649 2399.62138    0.32136    0.31052    2.50185    0.17361    0.00026   35.06145    0.10618    0.52771    2.28040    3.58398    0.52737   10.41827    1.79221    0.00891   -1.80112    0.99505  266.25091  291.12523  774.65061  280.00000    0.00000    0.00000    0.00000    0.00000    0.00000    0.00000
       4375        224    2.00000   20.00000    4.00000   34.00000   35.50000   34.75000 2251.45513 2117.11306 2374.49868 2388.28283 2388.22649 2399.62138    0.32136    0.31052    2.50185    0.17361    0.00026   35.06145    0.10861    0.52771    2.28282    3.58399    0.52737   10.41829    1.79221    0.00891   -1.80112    0.99505  266.24713  291.12500  774.31187  280.00000    0.00000    0.00000    0.00000    0.00000    0.00000    0.00000
       4425        224    2.00000   20.00000    4.00000   34.00000   35.50000   34.75000 2251.45328 2117.11292 2374.45607 2388.28283 2388.22649 2399.62138    0.32136    0.31052    2.50185    0.17361    0.00026   35.06145    0.11092    0.52771    2.28513    3.58399    0.52737   10.41831    1.79221    0.00891   -1.80112    0.99505  266.24344  291.12478  773.98094  280.00000    0.00000    0.00000    0.00000    0.00000    0.00000    0.00000
       4475        224    2.00000   20.00000    4.00000   34.00000   35.50000   34.75000 2251.45148 2117.11279 2374.41443 2388.28283 2388.22649 2399.62138    0.32136    0.31052    2.50185    0.17361    0.00026   35.06145    0.11312    0.52771    2.28734    3.58400    0.52738   10.41833    1.79221    0.00891   -1.80112    0.99505  266.23984  291.12456  773.65764  280.00000    0.00000    0.00000    0.00000    0.00000    0.00000    0.00000
       4525        224    2.00000   20.00000    4.00000   34.00000   35.50000   34.75000 2251.44971 2117.11265 2374.37373 2388.28283 2388.22649 2399.62138    0.32136    0.31052    2.50185    0.17361    0.00026   35.06145    0.11522    0.52772    2.28944    3.58400    0.52738   10.41834    1.79221    0.00891   -1.80112    0.99505  266.23631  291.12435  773.34179  280.00000    0.00000    0.00000    0.00000    0.00000    0.00000    0.00000
       4575        224    2.00000   20.00000    4.00000   34.00000   35.50000   34.75000 2251.44799 2117.11252 2374.33394 2388.28283 2388.22649 2399.62138    0.32136    0.31052    2.50185    0.17361    0.00026   35.06145    0.11723    0.52772    2.29144    3.58401    0.52738   10.41835    1.79221    0.00891   -1.80112    0.99505  266.23287  291.12414  773.03322  280.00000    0.00000    0.00000    0.00000    0.00000    0.00000    0.00000
       4625        224    2.00000   20.00000    4.00000   34.00000   35.50000   34.75000 2251.44631 2117.11239 2374.29506 2388.28283 2388.22649 2399.62138    0.32136    0.31052    2.50185    0.17361    0.00026   35.06145    0.11914    0.52772    2.29336    3.58401    0.52738   10.41836    1.79221    0.00891   -1.80112    0.99505  266.22950  291.12393  772.73175  280.00000    0.00000    0.00000    0.00000    0.00000    0.00000    0.00000
       4675        224    2.00000   20.00000    4.00000   34.00000   35.50000   34.75000 2251.44466 2117.11227 2374.25706 2388.28283 2388.22649 2399.62138    0.32136    0.31052    2.50185    0.17361    0.00026   35.06145    0.12097    0.52772    2.29518    3.58401    0.52738   10.41837    1.79221    0.00891   -1.80112    0.99505  266.22621  291.12374  772.43723  280.00000    0.00000    0.00000    0.00000    0.00000    0.00000    0.00000
       4725        224    2.00000   20.00000    4.00000   34.00000   35.50000   34.75000 2251.44305 2117.11214 2374.21992 2388.28283 2388.22649 2399.62138    0.32136    0.31052    2.50185    0.17361    0.00026   35.06145    0.12271    0.52772    2.29692    3.58401    0.52738   10.41837    1.79221    0.00891   -1.80112    0.99505  266.22299  291.12354  772.14947  280.00000    0.00000    0.00000    0.00000    0.00000    0.00000    0.00000
       4775        224    2.00000   20.00000    4.00000   34.00000   35.50000   34.75000 2251.44148 2117.11202 2374.18362 2388.28283 2388.22649 2399.62138    0.32136    0.31052    2.50185    0.17361    0.00026   35.06145    0.12437    0.52772    2.29858    3.58402    0.52738   10.41838    1.79221    0.00891   -1.80112    0.99505  266.21985  291.12335  771.86834  280.00000    0.00000    0.00000    0.00000    0.00000    0.00000    0.00000
       4825        224    2.00000   20.00000    4.00000   34.00000   35.50000   34.75000 2251.43994 2117.11191 2374.14814 2388.28283 2388.22649 2399.62138    0.32136    0.31052    2.50185    0.17361    0.00026   35.06145    0.12595    0.52772    2.30016    3.58402    0.52738   10.41838    1.79221    0.00891   -1.80112    0.99505  266.21678  291.12316  771.59367  280.00000    0.00000    0.00000    0.00000    0.00000    0.00000    0.00000
       4875        224    2.00000   20.00000    4.00000   34.00000   35.50000   34.75000 2251.43843 2117.11179 2374.11346 2388.28283 2388.22649 2399.62138    0.32136    0.31052    2.50185    0.17361    0.00026   35.06145    0.12746    0.52773    2.30167    3.58402    0.52738   10.41838    1.79221    0.00891   -1.80112    0.99505  266.21378  291.12298  771.32532  280.00000    0.00000    0.00000    0.00000    0.00000    0.00000    0.00000
       4925        224    2.00000   20.00000    4.00000   34.00000   35.50000   34.75000 2251.43697 2117.11168 2374.07956 2388.28283 2388.22649 2399.62138    0.32136    0.31052    2.50185    0.17361    0.00026   35.06145    0.12890    0.52773    2.30311    3.58402    0.52738   10.41839    1.79221    0.00891   -1.80112    0.99505  266.21084  291.12280  771.06313  280.00000    0.00000    0.00000    0.00000    0.00000    0.00000    0.00000
       4975        224    2.00000   20.00000    4.00000   34.00000   35.50000   34.75000 2251.43553 2117.11157 2374.04644 2388.28283 2388.22649 2399.62138    0.32136    0.31052    2.50185    0.17361    0.00026   35.06145    0.13028    0.52773    2.30449    3.58402    0.52738   10.41839    1.79221    0.00891   -1.80112    0.99505  266.20797  291.12263  770.80696  280.00000    0.00000    0.00000    0.00000    0.00000    0.00000    0.00000
       5025        224    2.00000   20.00000    4.00000   34.00000   35.50000   34.75000 2251.43413 2117.11146 2374.01406 2388.28283 2388.22649 2399.62138    0.32136    0.31052    2.50185    0.17361    0.00026   35.06145    0.13159    0.52773    2.30580    3.58402    0.52738   10.41839    1.79221    0.00891   -1.80112    0.99505  266.20517  291.12246  770.55667  280.00000    0.00000    0.00000    0.00000    0.00000    0.00000    0.00000
       5075        224    2.00000   20.00000    4.00000   34.00000   35.50000   34.75000 2251.43275 2117.11136 2373.98241 2388.28283 2388.22649 2399.62138    0.32136    0.31052    2.50185    0.17361    0.00026   35.06145    0.13284    0.52773    2.30705    3.58402    0.52738   10.41839    1.79221    0.00891   -1.80112    0.99505  266.20243  291.12229  770.31213  280.00000    0.00000    0.00000    0.00000    0.00000    0.00000    0.00000
       5125        224    2.00000   20.00000    4.00000   34.00000   35.50000   34.75000 2251.43141 2117.11126 2373.95149 2388.28283 2388.22649 2399.62138    0.32136    0.31052    2.50185    0.17361    0.00026   35.06145    0.13403    0.52773    2.30824    3.58402    0.52738   10.41839    1.79221    0.00891   -1.80112    0.99505  266.19975  291.12213  770.07320  280.00000    0.00000    0.00000    0.00000    0.00000    0.00000    0.00000
       5175        224    2.00000   20.00000    4.00000   34.00000   35.50000   34.75000 2251.43010 2117.11116 2373.92126 2388.28283 2388.22649 2399.62138    0.32136    0.31052    2.50185    0.17361    0.00026   35.06145    0.13517    0.52773    2.30938    3.58402    0.52738   10.41839    1.79221    0.00891   -1.80112    0.99505  266.19713  291.12197  769.83975  280.00000    0.00000    0.00000    0.00000    0.00000    0.00000    0.00000
       5225        224    2.00000   20.00000    4.00000   34.00000   35.50000   34.75000 2251.42882 2117.11106 2373.89171 2388.28283 2388.22649 2399.62138    0.32136    0.31052    2.50185    0.17361    0.00026   35.06145    0.13625    0.52773    2.31046    3.58402    0.52738   10.41840    1.79221    0.00891   -1.80112    0.99505  266.19458  291.12182  769.61165  280.00000    0.00000    0.00000    0.00000    0.00000    0.00000    0.00000
       5275        224    2.00000   20.00000    4.00000   34.00000   35.50000   34.75000 2251.42757 2117.11097 2373.86283 2388.28283 2388.22649 2399.62138    0.32136    0.31052    2.50185    0.17361    0.00026   35.06145    0.13729    0.52773    2.31150    3.58402    0.52738   10.41840    1.79221    0.00891   -1.80112    0.99505  266.19208  291.12167  769.38878  280.00000    0.00000    0.00000    0.00000    0.00000    0.00000    0.00000
       5325        224    2.00000   20.00000    4.00000   34.00000   35.50000   34.75000 2251.42635 2117.11087 2373.83461 2388.28283 2388.22649 2399.62138    0.32136    0.31052    2.50185    0.17361    0.00026   35.06145    0.13827    0.52773    2.31248    3.58402    0.52738   10.41840    1.79221    0.00891   -1.80112    0.99505  266.18963  291.12152  769.17102  280.00000    0.00000    0.00000    0.00000    0.00000    0.00000    0.00000
       5375        224    2.00000   20.00000    4.00000   34.00000   35.50000   34.75000 2251.42515 2117.11078 2373.80703 2388.28283 2388.22649 2399.62138    0.32136    0.31052    2.50185    0.17361    0.00026   35.06145    0.13921    0.52773    2.31343    3.58402    0.52738   10.41840    1.79221    0.00891   -1.80112    0.99505  266.18724  291.12138  768.95825  280.00000    0.00000    0.00000    0.00000    0.00000    0.00000    0.00000
       5425        224    2.00000   20.00000    4.00000   34.00000   35.50000   34.75000 2251.42398 2117.11069 2373.78006 2388.28283 2388.22649 2399.62138    0.32136    0.31052    2.50185    0.17361    0.00026   35.06145    0.14011    0.52773    2.31432    3.58402    0.52738   10.41840    1.79221    0.00891   -1.80112    0.99505  266.18491  291.12123  768.75035  280.00000    0.00000    0.00000    0.00000    0.00000    0.00000    0.00000
       5475        224    2.00000   20.00000    4.00000   34.00000   35.50000   34.75000 2251.42284 2117.11061 2373.75371 2388.28283 2388.22649 2399.62138    0.32136    0.31052    2.50185    0.17361    0.00026   35.06145    0.14097    0.52773    2.31518    3.58402    0.52738   10.41840    1.79221    0.00891   -1.80112    0.99505  266.18263  291.12110  768.54721  280.00000    0.00000    0.00000    0.00000    0.00000    0.00000    0.00000
       5525        224    2.00000   20.00000    4.00000   34.00000   35.50000   34.75000 2251.42172 2117.11052 2373.72796 2388.28283 2388.22649 2399.62138    0.32136    0.31052    2.50185    0.17361    0.00026   35.06145    0.14178    0.52774    2.31600    3.58402    0.52738   10.41840    1.79221    0.00891   -1.80112    0.99505  266.18040  291.12096  768.34872  280.00000    0.00000    0.00000    0.00000    0.00000    0.00000    0.00000
       5575        224    2.00000   20.00000    4.00000   34.00000   35.50000   34.75000 2251.42063 2117.11044 2373.70279 2388.28283 2388.22649 2399.62138    0.32136    0.31052    2.50185    0.17361    0.00026   35.06145    0.14256    0.52774    2.31677    3.58402    0.52738   10.41840    1.79221    0.00891   -1.80112    0.99505  266.17822  291.12083  768.15478  280.00000    0.00000    0.00000    0.00000    0.00000    0.00000    0.00000
       5625        224    2.00000   20.00000    4.00000   34.00000   35.50000   34.75000 2251.41957 2117.11036 2373.67818 2388.28283 2388.22649 2399.62138    0.32136    0.31052    2.50185    0.17361    0.00026   35.06145    0.14331    0.52774    2.31752    3.58402    0.52738   10.41840    1.79221    0.00891   -1.80112    0.99505  266.17609  291.12070  767.96527  280.00000    0.00000    0.00000    0.00000    0.00000    0.00000    0.00000
       5675        224    2.00000   20.00000    4.00000   34.00000   35.50000   34.75000 2251.41852 2117.11028 2373.65414 2388.28283 2388.22649 2399.62138    0.32136    0.31052    2.50185    0.17361    0.00026   35.06145    0.14401    0.52774    2.31823    3.58402    0.52738   10.41840    1.79221    0.00891   -1.80112    0.99505  266.17401  291.12057  767.78010  280.00000    0.00000    0.00000    0.00000    0.00000    0.00000    0.00000
       5725        224    2.00000   20.00000    4.00000   34.00000   35.50000   34.75000 2251.41751 2117.11020 2373.63063 2388.28283 2388.22649 2399.62138    0.32136    0.31052    2.50185    0.17361    0.00026   35.06145    0.14469    0.52774    2.31890    3.58402    0.52738   10.41840    1.79221    0.00891   -1.80112    0.99505  266.17197  291.12045  767.59916  280.00000    0.00000    0.00000    0.00000    0.00000    0.00000    0.00000
       5775        224    2.00000   20.00000    4.00000   34.00000   35.50000   34.75000 2251.41651 2117.11012 2373.60766 2388.28283 2388.22649 2399.62138    0.32136    0.31052    2.50185    0.17361    0.00026   35.06145    0.14533    0.52774    2.31955    3.58402    0.52738   10.41840    1.79221    0.00891   -1.80112    0.99505  266.16998  291.12033  767.42236  280.00000    0.00000    0.00000    0.00000    0.00000    0.00000    0.00000
       5825        224    2.00000   20.00000    4.00000   34.00000   35.50000   34.75000 2251.41554 2117.11005 2373.58521 2388.28283 2388.22649 2399.62138    0.32136    0.31052    2.50185    0.17361    0.00026   35.06145    0.14595    0.52774    2.32016    3.58402    0.52738   10.41840    1.79221    0.00891   -1.80112    0.99505  266.16804  291.12021  767.24960  280.00000    0.00000    0.00000    0.00000    0.00000    0.00000    0.00000
       5875        224    2.00000   20.00000    4.00000   34.00000   35.50000   34.75000 2251.41459 2117.10998 2373.56327 2388.28283 2388.22649 2399.62138    0.32136    0.31052    2.50185    0.17361    0.00026   35.06145    0.14653    0.52774    2.32075    3.58402    0.52738   10.41840    1.79221    0.00891   -1.80112    0.99505  266.16614  291.12010  767.08078  280.00000    0.00000    0.00000    0.00000    0.00000    0.00000    0.00000
       5925        224    2.00000   20.00000    4.00000   34.00000   35.50000   34.75000 2251.41366 2117.10991 2373.54182 2388.28283 2388.22649 2399.62138    0.32136    0.31052    2.50185    0.17361    0.00026   35.06145    0.14709    0.52774    2.32131    3.58402    0.52738   10.41840    1.79221    0.00891   -1.80112    0.99505  266.16428  291.11998  766.91583  280.00000    0.00000    0.00000    0.00000    0.00000    0.00000    0.00000
       5975        224    2.00000   20.00000    4.00000   34.00000   35.50000   34.75000 2251.41275 2117.10984 2373.52086 2388.28283 2388.22649 2399.62138    0.32136    0.31052    2.50185    0.17361    0.00026   35.06145    0.14763    0.52774    2.32184    3.58402    0.52738   10.41840    1.79221    0.00891   -1.80112    0.99505  266.16247  291.11987  766.75464  280.00000    0.00000    0.00000    0.00000    0.00000    0.00000    0.00000
       6025        224    2.00000   20.00000    4.00000   34.00000   35.50000   34.75000 2251.41186 2117.10977 2373.50037 2388.28283 2388.22649 2399.62138    0.32136    0.31052    2.50185    0.17361    0.00026   35.06145    0.14813    0.52774    2.32235    3.58402    0.52738   10.41840    1.79221    0.00891   -1.80112    0.99505  266.16069  291.11977  766.59713  280.00000    0.00000    0.00000    0.00000    0.00000    0.00000    0.00000
       6075        224    2.00000   20.00000    4.00000   34.00000   35.50000   34.75000 2251.41099 2117.10970 2373.48035 2388.28283 2388.22649 2399.62138    0.32136    0.31052    2.50185    0.17361    0.00026   35.06145    0.14862    0.52774    2.32283    3.58402    0.52738   10.41840    1.79221    0.00891   -1.80112    0.99505  266.15896  291.11966  766.44322  280.00000    0.00000    0.00000    0.00000    0.00000    0.00000    0.00000
       6125        224    2.00000   20.00000    4.00000   34.00000   35.50000   34.75000 2251.41014 2117.10964 2373.46078 2388.28283 2388.22649 2399.62138    0.32136    0.31052    2.50185    0.17361    0.00026   35.06145    0.14908    0.52774    2.32329    3.58402    0.52738   10.41840    1.79221    0.00891   -1.80112    0.99505  266.15726  291.11956  766.29282  280.00000    0.00000    0.00000    0.00000    0.00000    0.00000    0.00000
       6175        224    2.00000   20.00000    4.00000   34.00000   35.50000   34.75000 2251.40931 2117.10958 2373.44165 2388.28283 2388.22649 2399.62138    0.32136    0.31052    2.50185    0.17361    0.00026   35.06145    0.14952    0.52774    2.32373    3.58402    0.52738   10.41840    1.79221    0.00891   -1.80112    0.99505  266.15561  291.11946  766.14586  280.00000    0.00000    0.00000    0.00000    0.00000    0.00000    0.00000
       6225        224    2.00000   20.00000    4.00000   34.00000   35.50000   34.75000 2251.40850 2117.10951 2373.42296 2388.28283 2388.22649 2399.62138    0.32136    0.31052    2.50185    0.17361    0.00026   35.06145    0.14994    0.52774    2.32416    3.58402    0.52738   10.41840    1.79221    0.00891   -1.80112    0.99505  266.15399  291.11936  766.00225  280.00000    0.00000    0.00000    0.00000    0.00000    0.00000    0.00000
       6275        224    2.00000   20.00000    4.00000   34.00000   35.50000   34.75000 2251.40771 2117.10945 2373.40468 2388.28283 2388.22649 2399.62138    0.32136    0.31052    2.50185    0.17361    0.00026   35.06145    0.15034    0.52774    2.32456    3.58402    0.52738   10.41840    1.79221    0.00891   -1.80112    0.99505  266.15241  291.11926  765.86191  280.00000    0.00000    0.00000    0.00000    0.00000    0.00000    0.00000
       6325        224    2.00000   20.00000    4.00000   34.00000   35.50000   34.75000 2251.40694 2117.10940 2373.38683 2388.28283 2388.22649 2399.62138    0.32136    0.31052    2.50185    0.17361    0.00026   35.06145    0.15073    0.52774    2.32494    3.58402    0.52738   10.41840    1.79221    0.00891   -1.80112    0.99505  266.15086  291.11917  765.72478  280.00000    0.00000    0.00000    0.00000    0.00000    0.00000    0.00000
       6375        224    2.00000   20.00000    4.00000   34.00000   35.50000   34.75000 2251.40618 2117.10934 2373.36937 2388.28283 2388.22649 2399.62138    0.32136    0.31052    2.50185    0.17361    0.00026   35.06145    0.15109    0.52774    2.32530    3.58402    0.52738   10.41840    1.79221    0.00891   -1.80112    0.99505  266.14935  291.11908  765.59077  280.00000    0.00000    0.00000    0.00000    0.00000    0.00000    0.00000
       6425        224    2.00000   20.00000    4.00000   34.00000   35.50000   34.75000 2251.40544 2117.10928 2373.35231 2388.28283 2388.22649 2399.62138    0.32136    0.31052    2.50185    0.17361    0.00026   35.06145    0.15144    0.52774    2.32565    3.58402    0.52738   10.41840    1.79221    0.00891   -1.80112    0.99505  266.14787  291.11899  765.45982  280.00000    0.00000    0.00000    0.00000    0.00000    0.00000    0.00000
       6475        224    2.00000   20.00000    4.00000   34.00000   35.50000   34.75000 2251.40472 2117.10923 2373.33564 2388.28283 2388.22649 2399.62138    0.32136    0.31052    2.50185    0.17361    0.00026   35.06145    0.15177    0.52774    2.32598    3.58402    0.52738   10.41840    1.79221    0.00891   -1.80112    0.99505  266.14643  291.11890  765.33186  280.00000    0.00000    0.00000    0.00000    0.00000    0.00000    0.00000
       6525        224    2.00000   20.00000    4.00000   34.00000   35.50000   34.75000 2251.40401 2117.10917 2373.31934 2388.28283 2388.22649 2399.62138    0.32136    0.31052    2.50185    0.17361    0.00026   35.06145    0.15209    0.52774    2.32630    3.58402    0.52738   10.41840    1.79221    0.00891   -1.80112    0.99505  266.14502  291.11882  765.20681  280.00000    0.00000    0.00000    0.00000    0.00000    0.00000    0.00000
       6575        224    2.00000   20.00000    4.00000   34.00000   35.50000   34.75000 2251.40332 2117.10912 2373.30341 2388.28283 2388.22649 2399.62138    0.32136    0.31052    2.50185    0.17361    0.00026   35.06145    0.15239    0.52774    2.32660    3.58402    0.52738   10.41840    1.79221    0.00891   -1.80112    0.99505  266.14364  291.11873  765.08461  280.00000    0.00000    0.00000    0.00000    0.00000    0.00000    0.00000
       6625        224    2.00000   20.00000    4.00000   34.00000   35.50000   34.75000 2251.40264 2117.10907 2373.28784 2388.28283 2388.22649 2399.62138    0.32136    0.31052    2.50185    0.17361    0.00026   35.06145    0.15268    0.52774    2.32689    3.58402    0.52738   10.41840    1.79221    0.00891   -1.80112    0.99505  266.14229  291.11865  764.96519  280.00000    0.00000    0.00000    0.00000    0.00000    0.00000    0.00000
       6675        224    2.00000   20.00000    4.00000   34.00000   35.50000   34.75000 2251.40198 2117.10902 2373.27263 2388.28283 2388.22649 2399.62138    0.32136    0.31052    2.50185    0.17361    0.00026   35.06145    0.15295    0.52774    2.32716    3.58402    0.52738   10.41840    1.79221    0.00891   -1.80112    0.99505  266.14097  291.11857  764.84850  280.00000    0.00000    0.00000    0.00000    0.00000    0.00000    0.00000
       6725        224    2.00000   20.00000    4.00000   34.00000   35.50000   34.75000 2251.40134 2117.10897 2373.25776 2388.28283 2388.22649 2399.62138    0.32136    0.31052    2.50185    0.17361    0.00026   35.06145    0.15321    0.52774    2.32743    3.58402    0.52738   10.41840    1.79221    0.00891   -1.80112    0.99505  266.13968  291.11849  764.73446  280.00000    0.00000    0.00000    0.00000    0.00000    0.00000    0.00000
       6775        224    2.00000   20.00000    4.00000   34.00000   35.50000   34.75000 2251.40071 2117.10892 2373.24322 2388.28283 2388.22649 2399.62138    0.32136    0.31052    2.50185    0.17361    0.00026   35.06145    0.15346    0.52774    2.32767    3.58402    0.52738   10.41840    1.79221    0.00891   -1.80112    0.99505  266.13843  291.11842  764.62302  280.00000    0.00000    0.00000    0.00000    0.00000    0.00000    0.00000
       6825        224    2.00000   20.00000    4.00000   34.00000   35.50000   34.75000 2251.40009 2117.10887 2373.22902 2388.28283 2388.22649 2399.62138    0.32136    0.31052    2.50185    0.17361    0.00026   35.06145    0.15370    0.52774    2.32791    3.58402    0.52738   10.41840    1.79221    0.00891   -1.80112    0.99505  266.13720  291.11834  764.51412  280.00000    0.00000    0.00000    0.00000    0.00000    0.00000    0.00000
       6875        224    2.00000   20.00000    4.00000   34.00000   35.50000   34.75000 2251.39949 2117.10883 2373.21513 2388.28283 2388.22649 2399.62138    0.32136    0.31052    2.50185    0.17361    0.00026   35.06145    0.15393    0.52774    2.32814    3.58402    0.52738   10.41840    1.79221    0.00891   -1.80112    0.99505  266.13599  291.11827  764.40770  280.00000    0.00000    0.00000    0.00000    0.00000    0.00000    0.00000
       6925        224    2.00000   20.00000    4.00000   34.00000   35.50000   34.75000 2251.39890 2117.10878 2373.20156 2388.28283 2388.22649 2399.62138    0.32136    0.31052    2.50185    0.17361    0.00026   35.06145    0.15415    0.52774    2.32836    3.58402    0.52738   10.41840    1.79221    0.00891   -1.80112    0.99505  266.13482  291.11820  764.30370  280.00000    0.00000    0.00000    0.00000    0.00000    0.00000    0.00000
       6975        224    2.00000   20.00000    4.00000   34.00000   35.50000   34.75000 2251.39833 2117.10874 2373.18830 2388.28283 2388.22649 2399.62138    0.32136    0.31052    2.50185    0.17361    0.00026   35.06145    0.15435    0.52774    2.32856    3.58402    0.52738   10.41840    1.79221    0.00891   -1.80112    0.99505  266.13367  291.11813  764.20207  280.00000    0.00000    0.00000    0.00000    0.00000    0.00000    0.00000
       7025        224    2.00000   20.00000    4.00000   34.00000   35.50000   34.75000 2251.39777 2117.10870 2373.17533 2388.28283 2388.22649 2399.62138    0.32136    0.31052    2.50185    0.17361    0.00026   35.06145    0.15455    0.52774    2.32876    3.58402    0.52738   10.41840    1.79221    0.00891   -1.80112    0.99505  266.13255  291.11806  764.10275  280.00000    0.00000    0.00000    0.00000    0.00000    0.00000    0.00000
       7075        224    2.00000   20.00000    4.00000   34.00000   35.50000   34.75000 2251.39722 2117.10866 2373.16266 2388.28283 2388.22649 2399.62138    0.32136    0.31052    2.50185    0.17361    0.00026   35.06145    0.15474    0.52774    2.32895    3.58402    0.52738   10.41840    1.79221    0.00891   -1.80112    0.99505  266.13145  291.11800  764.00569  280.00000    0.00000    0.00000    0.00000    0.00000    0.00000    0.00000
       7125        224    2.00000   20.00000    4.00000   34.00000   35.50000   34.75000 2251.39668 2117.10861 2373.15028 2388.28283 2388.22649 2399.62138    0.32136    0.31052    2.50185    0.17361    0.00026   35.06145    0.15492    0.52774    2.32913    3.58402    0.52738   10.41840    1.79221    0.00891   -1.80112    0.99505  266.13038  291.11793  763.91084  280.00000    0.00000    0.00000    0.00000    0.00000    0.00000    0.00000
       7175        224    2.00000   20.00000    4.00000   34.00000   35.50000   34.75000 2251.39615 2117.10857 2373.13818 2388.28283 2388.22649 2399.62138    0.32136    0.31052    2.50185    0.17361    0.00026   35.06145    0.15509    0.52774    2.32930    3.58402    0.52738   10.41840    1.79221    0.00891   -1.80112    0.99505  266.12933  291.11787  763.81815  280.00000    0.00000    0.00000    0.00000    0.00000    0.00000    0.00000
       7225        224    2.00000   20.00000    4.00000   34.00000   35.50000   34.75000 2251.39564 2117.10854 2373.12635 2388.28283 2388.22649 2399.62138    0.32136    0.31052    2.50185    0.17361    0.00026   35.06145    0.15525    0.52774    2.32946    3.58402    0.52738   10.41840    1.79221    0.00891   -1.80112    0.99505  266.12831  291.11780  763.72757  280.00000    0.00000    0.00000    0.00000    0.00000    0.00000    0.00000
       7275        224    2.00000   20.00000    4.00000   34.00000   35.50000   34.75000 2251.39514 2117.10850 2373.11478 2388.28283 2388.22649 2399.62138    0.32136    0.31052    2.50185    0.17361    0.00026   35.06145    0.15540    0.52774    2.32962    3.58402    0.52738   10.41840    1.79221    0.00891   -1.80112    0.99505  266.12731  291.11774  763.63904  280.00000    0.00000    0.00000    0.00000    0.00000    0.00000    0.00000
       7325        224    2.00000   20.00000    4.00000   34.00000   35.50000   34.75000 2251.39465 2117.10846 2373.10348 2388.28283 2388.22649 2399.62138    0.32136    0.31052    2.50185    0.17361    0.00026   35.06145    0.15555    0.52774    2.32976    3.58402    0.52738   10.41840    1.79221    0.00891   -1.80112    0.99505  266.12633  291.11768  763.55253  280.00000    0.00000    0.00000    0.00000    0.00000    0.00000    0.00000
       7375        224    2.00000   20.00000    4.00000   34.00000   35.50000   34.75000 2251.39417 2117.10842 2373.09244 2388.28283 2388.22649 2399.62138    0.32136    0.31052    2.50185    0.17361    0.00026   35.06145    0.15569    0.52774    2.32990    3.58402    0.52738   10.41840    1.79221    0.00891   -1.80112    0.99505  266.12537  291.11763  763.46799  280.00000    0.00000    0.00000    0.00000    0.00000    0.00000    0.00000
       7425        224    2.00000   20.00000    4.00000   34.00000   35.50000   34.75000 2251.39370 2117.10839 2373.08164 2388.28283 2388.22649 2399.62138    0.32136    0.31052    2.50185    0.17361    0.00026   35.06145    0.15583    0.52774    2.33004    3.58402    0.52738   10.41840    1.79221    0.00891   -1.80112    0.99505  266.12444  291.11757  763.38537  280.00000    0.00000    0.00000    0.00000    0.00000    0.00000    0.00000
       7475        224    2.00000   20.00000    4.00000   34.00000   35.50000   34.75000 2251.39325 2117.10835 2373.07109 2388.28283 2388.22649 2399.62138    0.32136    0.31052    2.50185    0.17361    0.00026   35.06145    0.15596    0.52774    2.33017    3.58402    0.52738   10.41840    1.79221    0.00891   -1.80112    0.99505  266.12352  291.11751  763.30462  280.00000    0.00000    0.00000    0.00000    0.00000    0.00000    0.00000
       7525        224    2.00000   20.00000    4.00000   34.00000   35.50000   34.75000 2251.39280 2117.10832 2373.06078 2388.28283 2388.22649 2399.62138    0.32136    0.31052    2.50185    0.17361    0.00026   35.06145    0.15608    0.52774    2.33029    3.58402    0.52738   10.41840    1.79221    0.00891   -1.80112    0.99505  266.12263  291.11746  763.22572  280.00000    0.00000    0.00000    0.00000    0.00000    0.00000    0.00000
       7575        224    2.00000   20.00000    4.00000   34.00000   35.50000   34.75000 2251.39236 2117.10829 2373.05070 2388.28283 2388.22649 2399.62138    0.32136    0.31052    2.50185    0.17361    0.00026   35.06145    0.15620    0.52774    2.33041    3.58402    0.52738   10.41840    1.79221    0.00891   -1.80112    0.99505  266.12176  291.11741  763.14860  280.00000    0.00000    0.00000    0.00000    0.00000    0.00000    0.00000
       7625        224    2.00000   20.00000    4.00000   34.00000   35.50000   34.75000 2251.39193 2117.10825 2373.04085 2388.28283 2388.22649 2399.62138    0.32136    0.31052    2.50185    0.17361    0.00026   35.06145    0.15631    0.52774    2.33052    3.58402    0.52738   10.41840    1.79221    0.00891   -1.80112    0.99505  266.12090  291.11736  763.07324  280.00000    0.00000    0.00000    0.00000    0.00000    0.00000    0.00000
       7675        224    2.00000   20.00000    4.00000   34.00000   35.50000   34.75000 2251.39152 2117.10822 2373.03122 2388.28283 2388.22649 2399.62138    0.32136    0.31052    2.50185    0.17361    0.00026   35.06145    0.15641    0.52774    2.33063    3.58402    0.52738   10.41840    1.79221    0.00891   -1.80112    0.99505  266.12007  291.11731  762.99959  280.00000    0.00000    0.00000    0.00000    0.00000    0.00000    0.00000
       7725        224    2.00000   20.00000    4.00000   34.00000   35.50000   34.75000 2251.39111 2117.10819 2373.02181 2388.28283 2388.22649 2399.62138    0.32136    0.31052    2.50185    0.17361    0.00026   35.06145    0.15652    0.52774    2.33073    3.58402    0.52738   10.41840    1.79221    0.00891   -1.80112    0.99505  266.11926  291.11726  762.92762  280.00000    0.00000    0.00000    0.00000    0.00000    0.00000    0.00000
       7775        224    2.00000   20.00000    4.00000   34.00000   35.50000   34.75000 2251.39071 2117.10816 2373.01262 2388.28283 2388.22649 2399.62138    0.32136    0.31052    2.50185    0.17361    0.00026   35.06145    0.15661    0.52774    2.33082    3.58402    0.52738   10.41840    1.79221    0.00891   -1.80112    0.99505  266.11846  291.11721  762.85727  280.00000    0.00000    0.00000    0.00000    0.00000    0.00000    0.00000
       7825        224    2.00000   20.00000    4.00000   34.00000   35.50000   34.75000 2251.39032 2117.10813 2373.00363 2388.28283 2388.22649 2399.62138    0.32136    0.31052    2.50185    0.17361    0.00026   35.06145    0.15670    0.52774    2.33092    3.58402    0.52738   10.41840    1.79221    0.00891   -1.80112    0.99505  266.11768  291.11716  762.78853  280.00000    0.00000    0.00000    0.00000    0.00000    0.00000    0.00000
       7875        224    2.00000   20.00000    4.00000   34.00000   35.50000   34.75000 2251.38994 2117.10810 2372.99484 2388.28283 2388.22649 2399.62138    0.32136    0.31052    2.50185    0.17361    0.00026   35.06145    0.15679    0.52774    2.33100    3.58402    0.52738   10.41840    1.79221    0.00891   -1.80112    0.99505  266.11692  291.11711  762.72135  280.00000    0.00000    0.00000    0.00000    0.00000    0.00000    0.00000
       7925        224    2.00000   20.00000    4.00000   34.00000   35.50000   34.75000 2251.38957 2117.10807 2372.98625 2388.28283 2388.22649 2399.62138    0.32136    0.31052    2.50185    0.17361    0.00026   35.06145    0.15688    0.52774    2.33109    3.58402    0.52738   10.41840    1.79221    0.00891   -1.80112    0.99505  266.11618  291.11707  762.65570  280.00000    0.00000    0.00000    0.00000    0.00000    0.00000    0.00000
       7975        224    2.00000   20.00000    4.00000   34.00000   35.50000   34.75000 2251.38920 2117.10805 2372.97786 2388.28283 2388.22649 2399.62138    0.32136    0.31052    2.50185    0.17361    0.00026   35.06145    0.15696    0.52774    2.33117    3.58402    0.52738   10.41840    1.79221    0.00891   -1.80112    0.99505  266.11545  291.11703  762.59153  280.00000    0.00000    0.00000    0.00000    0.00000    0.00000    0.00000
       8025        224    2.00000   20.00000    4.00000   34.00000   35.50000   34.75000 2251.38885 2117.10802 2372.96966 2388.28283 2388.22649 2399.62138    0.32136    0.31052    2.50185    0.17361    0.00026   35.06145    0.15703    0.52774    2.33124    3.58402    0.52738   10.41840    1.79221    0.00891   -1.80112    0.99505  266.11474  291.11698  762.52882  280.00000    0.00000    0.00000    0.00000    0.00000    0.00000    0.00000
       8075        224    2.00000   20.00000    4.00000   34.00000   35.50000   34.75000 2251.38850 2117.10799 2372.96164 2388.28283 2388.22649 2399.62138    0.32136    0.31052    2.50185    0.17361    0.00026   35.06145    0.15710    0.52774    2.33132    3.58402    0.52738   10.41840    1.79221    0.00891   -1.80112    0.99505  266.11405  291.11694  762.46754  280.00000    0.00000    0.00000    0.00000    0.00000    0.00000    0.00000
       8125        224    2.00000   20.00000    4.00000   34.00000   35.50000   34.75000 2251.38816 2117.10797 2372.95380 2388.28283 2388.22649 2399.62138    0.32136    0.31052    2.50185    0.17361    0.00026   35.06145    0.15717    0.52774    2.33139    3.58402    0.52738   10.41840    1.79221    0.00891   -1.80112    0.99505  266.11337  291.11690  762.40765  280.00000    0.00000    0.00000    0.00000    0.00000    0.00000    0.00000
       8175        224    2.00000   20.00000    4.00000   34.00000   35.50000   34.75000 2251.38783 2117.10794 2372.94615 2388.28283 2388.22649 2399.62138    0.32136    0.31052    2.50185    0.17361    0.00026   35.06145    0.15724    0.52774    2.33145    3.58402    0.52738   10.41840    1.79221    0.00891   -1.80112    0.99505  266.11270  291.11686  762.34912  280.00000    0.00000    0.00000    0.00000    0.00000    0.00000    0.00000
       8225        224    2.00000   20.00000    4.00000   34.00000   35.50000   34.75000 2251.38750 2117.10792 2372.93866 2388.28283 2388.22649 2399.62138    0.32136    0.31052    2.50185    0.17361    0.00026   35.06145    0.15730    0.52774    2.33151    3.58402    0.52738   10.41840    1.79221    0.00891   -1.80112    0.99505  266.11206  291.11682  762.29192  280.00000    0.00000    0.00000    0.00000    0.00000    0.00000    0.00000
       8275        224    2.00000   20.00000    4.00000   34.00000   35.50000   34.75000 2251.38719 2117.10789 2372.93134 2388.28283 2388.22649 2399.62138    0.32136    0.31052    2.50185    0.17361    0.00026   35.06145    0.15736    0.52774    2.33157    3.58402    0.52738   10.41840    1.79221    0.00891   -1.80112    0.99505  266.11142  291.11678  762.23601  280.00000    0.00000    0.00000    0.00000    0.00000    0.00000    0.00000
       8325        224    2.00000   20.00000    4.00000   34.00000   35.50000   34.75000 2251.38688 2117.10787 2372.92419 2388.28283 2388.22649 2399.62138    0.32136    0.31052    2.50185    0.17361    0.00026   35.06145    0.15742    0.52774    2.33163    3.58402    0.52738   10.41840    1.79221    0.00891   -1.80112    0.99505  266.11080  291.11674  762.18137  280.00000    0.00000    0.00000    0.00000    0.00000    0.00000    0.00000
       8375        224    2.00000   20.00000    4.00000   34.00000   35.50000   34.75000 2251.38657 2117.10785 2372.91721 2388.28283 2388.22649 2399.62138    0.32136    0.31052    2.50185    0.17361    0.00026   35.06145    0.15748    0.52774    2.33169    3.58402    0.52738   10.41840    1.79221    0.00891   -1.80112    0.99505  266.11020  291.11671  762.12798  280.00000    0.00000    0.00000    0.00000    0.00000    0.00000    0.00000
       8425        224    2.00000   20.00000    4.00000   34.00000   35.50000   34.75000 2251.38628 2117.10782 2372.91037 2388.28283 2388.22649 2399.62138    0.32136    0.31052    2.50185    0.17361    0.00026   35.06145    0.15753    0.52774    2.33174    3.58402    0.52738   10.41840    1.79221    0.00891   -1.80112    0.99505  266.10961  291.11667  762.07580  280.00000    0.00000    0.00000    0.00000    0.00000    0.00000    0.00000
       8475        224    2.00000   20.00000    4.00000   34.00000   35.50000   34.75000 2251.38599 2117.10780 2372.90370 2388.28283 2388.22649 2399.62138    0.32136    0.31052    2.50185    0.17361    0.00026   35.06145    0.15758    0.52774    2.33179    3.58402    0.52738   10.41840    1.79221    0.00891   -1.80112    0.99505  266.10903  291.11664  762.02480  280.00000    0.00000    0.00000    0.00000    0.00000    0.00000    0.00000
       8525        224    2.00000   20.00000    4.00000   34.00000   35.50000   34.75000 2251.38570 2117.10778 2372.89717 2388.28283 2388.22649 2399.62138    0.32136    0.31052    2.50185    0.17361    0.00026   35.06145    0.15762    0.52774    2.33184    3.58402    0.52738   10.41840    1.79221    0.00891   -1.80112    0.99505  266.10846  291.11660  761.97495  280.00000    0.00000    0.00000    0.00000    0.00000    0.00000    0.00000
       8575        224    2.00000   20.00000    4.00000   34.00000   35.50000   34.75000 2251.38543 2117.10776 2372.89080 2388.28283 2388.22649 2399.62138    0.32136    0.31052    2.50185    0.17361    0.00026   35.06145    0.15767    0.52774    2.33188    3.58402    0.52738   10.41840    1.79221    0.00891   -1.80112    0.99505  266.10791  291.11657  761.92624  280.00000    0.00000    0.00000    0.00000    0.00000    0.00000    0.00000
       8625        224    2.00000   20.00000    4.00000   34.00000   35.50000   34.75000 2251.38516 2117.10774 2372.88456 2388.28283 2388.22649 2399.62138    0.32136    0.31052    2.50185    0.17361    0.00026   35.06145    0.15771    0.52774    2.33192    3.58402    0.52738   10.41840    1.79221    0.00891   -1.80112    0.99505  266.10737  291.11654  761.87863  280.00000    0.00000    0.00000    0.00000    0.00000    0.00000    0.00000
       8675        224    2.00000   20.00000    4.00000   34.00000   35.50000   34.75000 2251.38489 2117.10772 2372.87847 2388.28283 2388.22649 2399.62138    0.32136    0.31052    2.50185    0.17361    0.00026   35.06145    0.15775    0.52774    2.33197    3.58402    0.52738   10.41840    1.79221    0.00891   -1.80112    0.99505  266.10684  291.11650  761.83211  280.00000    0.00000    0.00000    0.00000    0.00000    0.00000    0.00000
       8725        224    2.00000   20.00000    4.00000   34.00000   35.50000   34.75000 2251.38464 2117.10770 2372.87252 2388.28283 2388.22649 2399.62138    0.32136    0.31052    2.50185    0.17361    0.00026   35.06145    0.15779    0.52774    2.33200    3.58402    0.52738   10.41840    1.79221    0.00891   -1.80112    0.99505  266.10633  291.11647  761.78664  280.00000    0.00000    0.00000    0.00000    0.00000    0.00000    0.00000
       8775        224    2.00000   20.00000    4.00000   34.00000   35.50000   34.75000 2251.38438 2117.10768 2372.86670 2388.28283 2388.22649 2399.62138    0.32136    0.31052    2.50185    0.17361    0.00026   35.06145    0.15783    0.52774    2.33204    3.58402    0.52738   10.41840    1.79221    0.00891   -1.80112    0.99505  266.10582  291.11644  761.74220  280.00000    0.00000    0.00000    0.00000    0.00000    0.00000    0.00000
       8825        224    2.00000   20.00000    4.00000   34.00000   35.50000   34.75000 2251.38414 2117.10766 2372.86101 2388.28283 2388.22649 2399.62138    0.32136    0.31052    2.50185    0.17361    0.00026   35.06145    0.15787    0.52774    2.33208    3.58402    0.52738   10.41840    1.79221    0.00891   -1.80112    0.99505  266.10533  291.11641  761.69877  280.00000    0.00000    0.00000    0.00000    0.00000    0.00000    0.00000
       8875        224    2.00000   20.00000    4.00000   34.00000   35.50000   34.75000 2251.38389 2117.10764 2372.85545 2388.28283 2388.22649 2399.62138    0.32136    0.31052    2.50185    0.17361    0.00026   35.06145    0.15790    0.52774    2.33211    3.58402    0.52738   10.41840    1.79221    0.00891   -1.80112    0.99505  266.10485  291.11638  761.65632  280.00000    0.00000    0.00000    0.00000    0.00000    0.00000    0.00000
       8925        224    2.00000   20.00000    4.00000   34.00000   35.50000   34.75000 2251.38366 2117.10762 2372.85002 2388.28283 2388.22649 2399.62138    0.32136    0.31052    2.50185    0.17361    0.00026   35.06145    0.15793    0.52774    2.33214    3.58402    0.52738   10.41840    1.79221    0.00891   -1.80112    0.99505  266.10438  291.11635  761.61484  280.00000    0.00000    0.00000    0.00000    0.00000    0.00000    0.00000
       8975        224    2.00000   20.00000    4.00000   34.00000   35.50000   34.75000 2251.38343 2117.10761 2372.84470 2388.28283 2388.22649 2399.62138    0.32136    0.31052    2.50185    0.17361    0.00026   35.06145    0.15796    0.52774    2.33217    3.58402    0.52738   10.41840    1.79221    0.00891   -1.80112    0.99505  266.10392  291.11633  761.57429  280.00000    0.00000    0.00000    0.00000    0.00000    0.00000    0.00000
       9025        224    2.00000   20.00000    4.00000   34.00000   35.50000   34.75000 2251.38320 2117.10759 2372.83951 2388.28283 2388.22649 2399.62138    0.32136    0.31052    2.50185    0.17361    0.00026   35.06145    0.15799    0.52774    2.33220    3.58402    0.52738   10.41840    1.79221    0.00891   -1.80112    0.99505  266.10347  291.11630  761.53467  280.00000    0.00000    0.00000    0.00000    0.00000    0.00000    0.00000
       9075        224    2.00000   20.00000    4.00000   34.00000   35.50000   34.75000 2251.38298 2117.10757 2372.83444 2388.28283 2388.22649 2399.62138    0.32136    0.31052    2.50185    0.17361    0.00026   35.06145    0.15802    0.52774    2.33223    3.58402    0.52738   10.41840    1.79221    0.00891   -1.80112    0.99505  266.10303  291.11627  761.49595  280.00000    0.00000    0.00000    0.00000    0.00000    0.00000    0.00000
       9125        224    2.00000   20.00000    4.00000   34.00000   35.50000   34.75000 2251.38277 2117.10756 2372.82948 2388.28283 2388.22649 2399.62138    0.32136    0.31052    2.50185    0.17361    0.00026   35.06145    0.15805    0.52774    2.33226    3.58402    0.52738   10.41840    1.79221    0.00891   -1.80112    0.99505  266.10260  291.11625  761.45810  280.00000    0.00000    0.00000    0.00000    0.00000    0.00000    0.00000
       9175        224    2.00000   20.00000    4.00000   34.00000   35.50000   34.75000 2251.38256 2117.10754 2372.82464 2388.28283 2388.22649 2399.62138    0.32136    0.31052    2.50185    0.17361    0.00026   35.06145    0.15807    0.52774    2.33228    3.58402    0.52738   10.41840    1.79221    0.00891   -1.80112    0.99505  266.10218  291.11622  761.42111  280.00000    0.00000    0.00000    0.00000    0.00000    0.00000    0.00000
       9225        224    2.00000   20.00000    4.00000   34.00000   35.50000   34.75000 2251.38235 2117.10752 2372.81990 2388.28283 2388.22649 2399.62138    0.32136    0.31052    2.50185    0.17361    0.00026   35.06145    0.15810    0.52774    2.33231    3.58402    0.52738   10.41840    1.79221    0.00891   -1.80112    0.99505  266.10177  291.11620  761.38496  280.00000    0.00000    0.00000    0.00000    0.00000    0.00000    0.00000
       9275        224    2.00000   20.00000    4.00000   34.00000   35.50000   34.75000 2251.38215 2117.10751 2372.81527 2388.28283 2388.22649 2399.62138    0.32136    0.31052    2.50185    0.17361    0.00026   35.06145    0.15812    0.52775    2.33233    3.58402    0.52738   10.41840    1.79221    0.00891   -1.80112    0.99505  266.10137  291.11617  761.34963  280.00000    0.00000    0.00000    0.00000    0.00000    0.00000    0.00000
       9325        224    2.00000   20.00000    4.00000   34.00000   35.50000   34.75000 2251.38196 2117.10749 2372.81075 2388.28283 2388.22649 2399.62138    0.32136    0.31052    2.50185    0.17361    0.00026   35.06145    0.15814    0.52775    2.33235    3.58402    0.52738   10.41840    1.79221    0.00891   -1.80112    0.99505  266.10098  291.11615  761.31510  280.00000    0.00000    0.00000    0.00000    0.00000    0.00000    0.00000
       9375        224    2.00000   20.00000    4.00000   34.00000   35.50000   34.75000 2251.38176 2117.10748 2372.80632 2388.28283 2388.22649 2399.62138    0.32136    0.31052    2.50185    0.17361    0.00026   35.06145    0.15817    0.52775    2.33238    3.58402    0.52738   10.41840    1.79221    0.00891   -1.80112    0.99505  266.10060  291.11613  761.28135  280.00000    0.00000    0.00000    0.00000    0.00000    0.00000    0.00000
       9425        224    2.00000   20.00000    4.00000   34.00000   35.50000   34.75000 2251.38158 2117.10746 2372.80200 2388.28283 2388.22649 2399.62138    0.32136    0.31052    2.50185    0.17361    0.00026   35.06145    0.15819    0.52775    2.33240    3.58402    0.52738   10.41840    1.79221    0.00891   -1.80112    0.99505  266.10022  291.11610  761.24837  280.00000    0.00000    0.00000    0.00000    0.00000    0.00000    0.00000
       9475        224    2.00000   20.00000    4.00000   34.00000   35.50000   34.75000 2251.38139 2117.10745 2372.79778 2388.28283 2388.22649 2399.62138    0.32136    0.31052    2.50185    0.17361    0.00026   35.06145    0.15820    0.52775    2.33242    3.58402    0.52738   10.41840    1.79221    0.00891   -1.80112    0.99505  266.09986  291.11608  761.21614  280.00000    0.00000    0.00000    0.00000    0.00000    0.00000    0.00000
       9525        224    2.00000   20.00000    4.00000   34.00000   35.50000   34.75000 2251.38121 2117.10744 2372.79365 2388.28283 2388.22649 2399.62138    0.32136    0.31052    2.50185    0.17361    0.00026   35.06145    0.15822    0.52775    2.33243    3.58402    0.52738   10.41840    1.79221    0.00891   -1.80112    0.99505  266.09950  291.11606  761.18463  280.00000    0.00000    0.00000    0.00000    0.00000    0.00000    0.00000
       9575        224    2.00000   20.00000    4.00000   34.00000   35.50000   34.75000 2251.38104 2117.10742 2372.78961 2388.28283 2388.22649 2399.62138    0.32136    0.31052    2.50185    0.17361    0.00026   35.06145    0.15824    0.52775    2.33245    3.58402    0.52738   10.41840    1.79221    0.00891   -1.80112    0.99505  266.09915  291.11604  761.15384  280.00000    0.00000    0.00000    0.00000    0.00000    0.00000    0.00000
       9625        224    2.00000   20.00000    4.00000   34.00000   35.50000   34.75000 2251.38087 2117.10741 2372.78567 2388.28283 2388.22649 2399.62138    0.32136    0.31052    2.50185    0.17361    0.00026   35.06145    0.15826    0.52775    2.33247    3.58402    0.52738   10.41840    1.79221    0.00891   -1.80112    0.99505  266.09881  291.11602  761.12375  280.00000    0.00000    0.00000    0.00000    0.00000    0.00000    0.00000
       9675        224    2.00000   20.00000    4.00000   34.00000   35.50000   34.75000 2251.38070 2117.10740 2372.78181 2388.28283 2388.22649 2399.62138    0.32136    0.31052    2.50185    0.17361    0.00026   35.06145    0.15827    0.52775    2.33248    3.58402    0.52738   10.41840    1.79221    0.00891   -1.80112    0.99505  266.09847  291.11600  761.09434  280.00000    0.00000    0.00000    0.00000    0.00000    0.00000    0.00000
       9725        224    2.00000   20.00000    4.00000   34.00000   35.50000   34.75000 2251.38054 2117.10739 2372.77805 2388.28283 2388.22649 2399.62138    0.32136    0.31052    2.50185    0.17361    0.00026   35.06145    0.15829    0.52775    2.33250    3.58402    0.52738   10.41840    1.79221    0.00891   -1.80112    0.99505  266.09815  291.11598  761.06560  280.00000    0.00000    0.00000    0.00000    0.00000    0.00000    0.00000
       9775        224    2.00000   20.00000    4.00000   34.00000   35.50000   34.75000 2251.38038 2117.10737 2372.77436 2388.28283 2388.22649 2399.62138    0.32136    0.31052    2.50185    0.17361    0.00026   35.06145    0.15830    0.52775    2.33251    3.58402    0.52738   10.41840    1.79221    0.00891   -1.80112    0.99505  266.09783  291.11596  761.03751  280.00000    0.00000    0.00000    0.00000    0.00000    0.00000    0.00000
       9825        224    2.00000   20.00000    4.00000   34.00000   35.50000   34.75000 2251.38022 2117.10736 2372.77076 2388.28283 2388.22649 2399.62138    0.32136    0.31052    2.50185    0.17361    0.00026   35.06145    0.15832    0.52775    2.33253    3.58402    0.52738   10.41840    1.79221    0.00891   -1.80112    0.99505  266.09752  291.11594  761.01005  280.00000    0.00000    0.00000    0.00000    0.00000    0.00000    0.00000
       9875        224    2.00000   20.00000    4.00000   34.00000   35.50000   34.75000 2251.38007 2117.10735 2372.76725 2388.28283 2388.22649 2399.62138    0.32136    0.31052    2.50185    0.17361    0.00026   35.06145    0.15833    0.52775    2.33254    3.58402    0.52738   10.41840    1.79221    0.00891   -1.80112    0.99505  266.09721  291.11592  760.98322  280.00000    0.00000    0.00000    0.00000    0.00000    0.00000    0.00000
       9925        224    2.00000   20.00000    4.00000   34.00000   35.50000   34.75000 2251.37992 2117.10734 2372.76381 2388.28283 2388.22649 2399.62138    0.32136    0.31052    2.50185    0.17361    0.00026   35.06145    0.15834    0.52775    2.33255    3.58402    0.52738   10.41840    1.79221    0.00891   -1.80112    0.99505  266.09692  291.11590  760.95700  280.00000    0.00000    0.00000    0.00000    0.00000    0.00000    0.00000
       9975        224    2.00000   20.00000    4.00000   34.00000   35.50000   34.75000 2251.37978 2117.10733 2372.76045 2388.28283 2388.22649 2399.62138    0.32136    0.31052    2.50185    0.17361    0.00026   35.06145    0.15835    0.52775    2.33257    3.58402    0.52738   10.41840    1.79221    0.00891   -1.80112    0.99505  266.09663  291.11589  760.93136  280.00000    0.00000    0.00000    0.00000    0.00000    0.00000    0.00000
