      t(yr)     Limits    THETA      THETA      THETA     SALT       SALT       SALT      DIC        DIC        DIC        ALK        ALK        ALK           PO4        PO4        PO4       NO3        NO3        NO3         FET        FET        FET        LIG        LIG        LIG        EXPORT     EXPORT     EXPORT     P*       OCPCO2     OCPCO2     OCPCO2     ATPCO2       LDOC       LDOC       LDOC       PB         PB         PB      
          0               2.00000   20.00000    4.00000   34.00000   35.50000   34.75000 2200.00000 2100.00000 2400.00000 2350.00000 2350.00000 2400.00000    2.00000    0.00000    2.50000   25.00000    0.00000   35.00000    0.00000    0.00000    0.00000    2.00000    2.00000    2.00000    0.00000    0.00000    0.00000    0.28571  237.33609  313.93736  995.96146  280.00000    0.00000    0.00000    0.00000    0.00000    0.00000    0.00000
         25        333    2.00011   20.00110    4.00022   34.00186   35.50195   34.75190 2265.04024 2087.10975 2399.26780 2394.30567 2372.02240 2399.85958    2.40459    0.23168    2.49742   33.27688    0.06084   34.98098    0.00022    0.03476    0.04116    1.30980    0.58019    3.85803    0.03940    1.70516   -1.74456    0.04871  289.09856  265.49147  990.05225  280.01534    0.00000    0.00000    0.00000    0.00000    0.00000    0.00000
         75        323    2.00000   20.00000    4.00000   34.00000   35.50000   34.75000 2268.95000 2098.63097 2398.00650 2398.97290 2387.41435 2399.60095    2.37549    0.31037    2.49677   33.03914    0.05110   34.97972    0.00059    0.03072    0.12365    3.92739    0.87723   11.81536    0.10690    1.69487   -1.80177    0.05548  288.43466  264.41016  980.12970  280.00000    0.00000    0.00000    0.00000    0.00000    0.00000    0.00000
        125        324    2.00000   20.00000    4.00000   34.00000   35.50000   34.75000 2268.26323 2100.00975 2397.03174 2398.54079 2388.20593 2399.59614    2.29397    0.31342    2.49695   31.73532    0.04886   34.98297    0.00096    0.10501    0.20572    7.37878    1.37017   21.92967    0.17405    1.62779   -1.80185    0.09283  287.54633  265.47093  970.71917  280.00000    0.00000    0.00000    0.00000    0.00000    0.00000    0.00000
        175        324    2.00000   20.00000    4.00000   34.00000   35.50000   34.75000 2267.58346 2100.77984 2396.10121 2398.11650 2388.24002 2399.59694    2.21245    0.31343    2.49715   30.43099    0.04680   34.98621    0.00134    0.18490    0.28782   10.84016    1.86769   32.02901    0.24123    1.56090   -1.80212    0.13020  286.66123  266.52703  961.76074  280.00000    0.00000    0.00000    0.00000    0.00000    0.00000    0.00000
        225        324    2.00000   20.00000    4.00000   34.00000   35.50000   34.75000 2266.90418 2101.52027 2395.20968 2397.69256 2388.24088 2399.59798    2.13092    0.31330    2.49735   29.12661    0.04474   34.98945    0.00171    0.26561    0.36993   14.05902    2.33056   41.40193    0.30840    1.49400   -1.80239    0.16756  285.77964  267.58364  953.24416  280.00000    0.00000    0.00000    0.00000    0.00000    0.00000    0.00000
        275        324    2.00000   20.00000    4.00000   34.00000   35.50000   34.75000 2266.22529 2102.25603 2394.35601 2397.26878 2388.24028 2399.59904    2.04943    0.31318    2.49755   27.82268    0.04268   34.99270    0.00209    0.34654    0.45200   16.95305    2.74596   49.81808    0.37554    1.42712   -1.80266    0.20490  284.90177  268.64035  945.15194  280.00000    0.00000    0.00000    0.00000    0.00000    0.00000    0.00000
        325        324    2.00000   20.00000    4.00000   34.00000   35.50000   34.75000 2265.54691 2102.98805 2393.53923 2396.84526 2388.23961 2399.60009    1.96798    0.31305    2.49775   26.51955    0.04063   34.99594    0.00248    0.42750    0.53403   19.50848    3.11152   57.24178    0.44265    1.36028   -1.80293    0.24221  284.02773  269.69685  937.46704  280.00000    0.00000    0.00000    0.00000    0.00000    0.00000    0.00000
        375        324    2.00000   20.00000    4.00000   34.00000   35.50000   34.75000 2264.86912 2103.71628 2392.75842 2396.42208 2388.23895 2399.60114    1.88660    0.31292    2.49796   25.21745    0.03859   34.99918    0.00286    0.50842    0.61599   21.74107    3.42944   63.72127    0.50970    1.29349   -1.80319    0.27948  283.15760  270.75295  930.17318  280.00000    0.00000    0.00000    0.00000    0.00000    0.00000    0.00000
        425        324    2.00000   20.00000    4.00000   34.00000   35.50000   34.75000 2264.19199 2104.44064 2392.01267 2395.99929 2388.23829 2399.60219    1.80529    0.31279    2.49816   23.91657    0.03655   35.00241    0.00325    0.58926    0.69788   23.67881    3.70379   69.33943    0.57668    1.22677   -1.80346    0.31672  282.29139  271.80850  923.25483  280.00000    0.00000    0.00000    0.00000    0.00000    0.00000    0.00000
        475        324    2.00000   20.00000    4.00000   34.00000   35.50000   34.75000 2263.51556 2105.16108 2391.30108 2395.57695 2388.23763 2399.60324    1.72407    0.31267    2.49836   22.61704    0.03452   35.00564    0.00364    0.67000    0.77968   25.35373    3.93926   74.19036    0.64360    1.16012   -1.80372    0.35390  281.42911  272.86337  916.69720  280.00000    0.00000    0.00000    0.00000    0.00000    0.00000    0.00000
        525        324    2.00000   20.00000    4.00000   34.00000   35.50000   34.75000 2262.83987 2105.87757 2390.62280 2395.15508 2388.23697 2399.60429    1.64295    0.31254    2.49856   21.31898    0.03250   35.00887    0.00404    0.75062    0.86139   26.79788    4.14058   78.36792    0.71044    1.09354   -1.80398    0.39104  280.57076  273.91745  910.48617  280.00000    0.00000    0.00000    0.00000    0.00000    0.00000    0.00000
        575        324    2.00000   20.00000    4.00000   34.00000   35.50000   34.75000 2262.16493 2106.59008 2389.97696 2394.73372 2388.23632 2399.60534    1.56192    0.31241    2.49876   20.02250    0.03049   35.01209    0.00443    0.83110    0.94301   28.04136    4.31220   81.96014    0.77720    1.02704   -1.80424    0.42813  279.71633  274.97066  904.60829  280.00000    0.00000    0.00000    0.00000    0.00000    0.00000    0.00000
        625        324    2.00000   20.00000    4.00000   34.00000   35.50000   34.75000 2261.49078 2107.29858 2389.36275 2394.31291 2388.23567 2399.60639    1.48099    0.31229    2.49897   18.72769    0.02848   35.01531    0.00483    0.91144    1.02453   29.11154    4.45816   85.04695    0.84387    0.96063   -1.80450    0.46516  278.86580  276.02292  899.05071  280.00000    0.00000    0.00000    0.00000    0.00000    0.00000    0.00000
        675        324    2.00000   20.00000    4.00000   34.00000   35.50000   34.75000 2260.81742 2108.00308 2388.77934 2393.89266 2388.23502 2399.60743    1.40017    0.31216    2.49917   17.43462    0.02648   35.01853    0.00523    0.99163    1.10593   30.03274    4.58205   87.69934    0.91045    0.89431   -1.80476    0.50213  278.01914  277.07414  893.80123  280.00000    0.00000    0.00000    0.00000    0.00000    0.00000    0.00000
        725        324    2.00000   20.00000    4.00000   34.00000   35.50000   34.75000 2260.14487 2108.70355 2388.22595 2393.47301 2388.23437 2399.60847    1.31947    0.31204    2.49937   16.14338    0.02449   35.02174    0.00564    1.07165    1.18723   30.82628    4.68705   89.97953    0.97694    0.82808   -1.80501    0.53905  277.17634  278.12427  888.84816  280.00000    0.00000    0.00000    0.00000    0.00000    0.00000    0.00000
        775        324    2.00000   20.00000    4.00000   34.00000   35.50000   34.75000 2259.47314 2109.39999 2387.70180 2393.05397 2388.23372 2399.60952    1.23888    0.31192    2.49957   14.85402    0.02251   35.02495    0.00604    1.15152    1.26841   31.51069    4.77589   91.94158    1.04333    0.76194   -1.80527    0.57590  276.33735  279.17325  884.18040  280.00000    0.00000    0.00000    0.00000    0.00000    0.00000    0.00000
        825        324    2.00000   20.00000    4.00000   34.00000   35.50000   34.75000 2258.80225 2110.09239 2387.20612 2392.63556 2388.23308 2399.61056    1.15842    0.31179    2.49977   13.56661    0.02053   35.02815    0.00645    1.23121    1.34947   32.10193    4.85094   93.63205    1.10962    0.69591   -1.80552    0.61269  275.50217  280.22100  879.78734  280.00000    0.00000    0.00000    0.00000    0.00000    0.00000    0.00000
        875        324    2.00000   20.00000    4.00000   34.00000   35.50000   34.75000 2258.13219 2110.78077 2386.73819 2392.21780 2388.23244 2399.61160    1.07808    0.31167    2.49997   12.28121    0.01856   35.03134    0.00686    1.31072    1.43040   32.61372    4.91423   95.09094    1.17580    0.62998   -1.80578    0.64942  274.67075  281.26749  875.65887  280.00000    0.00000    0.00000    0.00000    0.00000    0.00000    0.00000
        925        324    2.00000   20.00000    4.00000   34.00000   35.50000   34.75000 2257.46299 2111.46512 2386.29727 2391.80072 2388.23181 2399.61263    0.99788    0.31155    2.50017   10.99788    0.01660   35.03454    0.00728    1.39004    1.51121   33.05779    4.96751   96.35243    1.24188    0.56415   -1.80603    0.68608  273.84307  282.31265  871.78535  280.00000    0.00000    0.00000    0.00000    0.00000    0.00000    0.00000
        975        324    2.00000   20.00000    4.00000   34.00000   35.50000   34.75000 2256.79463 2112.14544 2385.88266 2391.38433 2388.23117 2399.61367    0.91780    0.31142    2.50037    9.71666    0.01465   35.03772    0.00769    1.46918    1.59189   33.44413    5.01225   97.44567    1.30785    0.49844   -1.80628    0.72268  273.01910  283.35643  868.15757  280.00000    0.00000    0.00000    0.00000    0.00000    0.00000    0.00000
       1025        324    2.00000   20.00000    4.00000   34.00000   35.50000   34.75000 2256.12714 2112.82174 2385.49366 2390.96863 2388.23054 2399.61470    0.83786    0.31130    2.50056    8.43762    0.01271   35.04090    0.00811    1.54811    1.67243   33.78124    5.04971   98.39545    1.37370    0.43283   -1.80653    0.75921  272.19880  284.39880  864.76676  280.00000    0.00000    0.00000    0.00000    0.00000    0.00000    0.00000
       1075        324    2.00000   20.00000    4.00000   34.00000   35.50000   34.75000 2255.46051 2113.49402 2385.12961 2390.55366 2388.22991 2399.61573    0.75806    0.31118    2.50076    7.16078    0.01077   35.04408    0.00853    1.62685    1.75284   34.07636    5.08097   99.22284    1.43945    0.36734   -1.80678    0.79566  271.38215  285.43970  861.60453  280.00000    0.00000    0.00000    0.00000    0.00000    0.00000    0.00000
       1125        324    2.00000   20.00000    4.00000   34.00000   35.50000   34.75000 2254.79475 2114.16230 2384.78983 2390.13943 2388.22928 2399.61676    0.67840    0.31106    2.50096    5.88621    0.00884   35.04725    0.00896    1.70537    1.83311   34.33562    5.10693   99.94575    1.50507    0.30196   -1.80703    0.83205  270.56912  286.47909  858.66289  280.00000    0.00000    0.00000    0.00000    0.00000    0.00000    0.00000
       1175        324    2.00000   20.00000    4.00000   34.00000   35.50000   34.75000 2254.12986 2114.82658 2384.47369 2389.72594 2388.22866 2399.61779    0.59888    0.31094    2.50116    4.61394    0.00692   35.05041    0.00938    1.78367    1.91323   34.56423    5.12838  100.57935    1.57058    0.23670   -1.80728    0.86836  269.75967  287.51692  855.93419  280.00000    0.00000    0.00000    0.00000    0.00000    0.00000    0.00000
       1225        324    2.00000   20.00000    4.00000   34.00000   35.50000   34.75000 2253.46585 2115.48687 2384.18055 2389.31322 2388.22804 2399.61882    0.51951    0.31082    2.50136    3.34403    0.00501   35.05357    0.00981    1.86175    1.99321   34.76660    5.14596  101.13651    1.63596    0.17156   -1.80753    0.90460  268.95379  288.55315  853.41113  280.00000    0.00000    0.00000    0.00000    0.00000    0.00000    0.00000
       1275        324    2.00000   20.00000    4.00000   34.00000   35.50000   34.75000 2252.80273 2116.14318 2383.90980 2388.90128 2388.22742 2399.61984    0.44029    0.31070    2.50155    2.07651    0.00311   35.05672    0.01024    1.93960    2.07304   34.94649    5.16024  101.62815    1.70123    0.10655   -1.80777    0.94077  268.15144  289.58775  851.08675  280.00000    0.00000    0.00000    0.00000    0.00000    0.00000    0.00000
       1325        324    2.00000   20.00000    4.00000   34.00000   35.50000   34.75000 2252.14049 2116.79551 2383.66084 2388.49013 2388.22680 2399.62087    0.36122    0.31058    2.50175    0.81144    0.00121   35.05986    0.01068    2.01721    2.15273   35.10706    5.17167  102.06353    1.76636    0.04166   -1.80802    0.97686  267.35260  290.62066  848.95436  280.00000    0.00000    0.00000    0.00000    0.00000    0.00000    0.00000
       1375        224    2.00000   20.00000    4.00000   34.00000   35.50000   34.75000 2251.84060 2117.14184 2383.41948 2388.28284 2388.22649 2399.62138    0.32136    0.31052    2.50185    0.17363    0.00026   35.06145    0.05015    2.09465    2.23216   35.24293    5.18511  102.44514    1.79225    0.00891   -1.80115    0.99505  267.01888  291.17074  846.89521  280.00000    0.00000    0.00000    0.00000    0.00000    0.00000    0.00000
       1425        224    2.00000   20.00000    4.00000   34.00000   35.50000   34.75000 2251.83041 2117.14163 2383.17506 2388.28283 2388.22649 2399.62138    0.32136    0.31052    2.50185    0.17361    0.00026   35.06145    0.12930    2.17193    2.31133   35.35169    5.20123  102.76184    1.79221    0.00891   -1.80112    0.99505  266.99846  291.17041  844.81815  280.00000    0.00000    0.00000    0.00000    0.00000    0.00000    0.00000
       1475        224    2.00000   20.00000    4.00000   34.00000   35.50000   34.75000 2251.82010 2117.14084 2382.93616 2388.28283 2388.22649 2399.62138    0.32136    0.31052    2.50185    0.17361    0.00026   35.06145    0.20830    2.24896    2.39035   35.44067    5.21445  103.02085    1.79221    0.00891   -1.80112    0.99505  266.97777  291.16916  842.79294  280.00000    0.00000    0.00000    0.00000    0.00000    0.00000    0.00000
       1525        224    2.00000   20.00000    4.00000   34.00000   35.50000   34.75000 2251.81002 2117.14007 2382.70267 2388.28283 2388.22649 2399.62138    0.32136    0.31052    2.50185    0.17361    0.00026   35.06145    0.28714    2.32571    2.46921   35.51344    5.22526  103.23270    1.79221    0.00891   -1.80112    0.99505  266.95755  291.16794  840.81817  280.00000    0.00000    0.00000    0.00000    0.00000    0.00000    0.00000
       1575        224    2.00000   20.00000    4.00000   34.00000   35.50000   34.75000 2251.80016 2117.13932 2382.47446 2388.28283 2388.22649 2399.62138    0.32136    0.31052    2.50185    0.17361    0.00026   35.06145    0.36581    2.40218    2.54790   35.57296    5.23410  103.40596    1.79221    0.00891   -1.80112    0.99505  266.93779  291.16675  838.89249  280.00000    0.00000    0.00000    0.00000    0.00000    0.00000    0.00000
       1625        224    2.00000   20.00000    4.00000   34.00000   35.50000   34.75000 2251.79053 2117.13859 2382.25141 2388.28283 2388.22649 2399.62138    0.32136    0.31052    2.50185    0.17361    0.00026   35.06145    0.44431    2.47836    2.62642   35.62163    5.24133  103.54766    1.79221    0.00891   -1.80112    0.99505  266.91847  291.16558  837.01459  280.00000    0.00000    0.00000    0.00000    0.00000    0.00000    0.00000
       1675        224    2.00000   20.00000    4.00000   34.00000   35.50000   34.75000 2251.78111 2117.13787 2382.03341 2388.28283 2388.22649 2399.62138    0.32136    0.31052    2.50185    0.17361    0.00026   35.06145    0.52264    2.55423    2.70477   35.66145    5.24724  103.66355    1.79221    0.00891   -1.80112    0.99505  266.89959  291.16444  835.18320  280.00000    0.00000    0.00000    0.00000    0.00000    0.00000    0.00000
       1725        224    2.00000   20.00000    4.00000   34.00000   35.50000   34.75000 2251.77191 2117.13717 2381.82034 2388.28283 2388.22649 2399.62138    0.32136    0.31052    2.50185    0.17361    0.00026   35.06145    0.60080    2.62978    2.78294   35.69401    5.25208  103.75834    1.79221    0.00891   -1.80112    0.99505  266.88114  291.16333  833.39708  280.00000    0.00000    0.00000    0.00000    0.00000    0.00000    0.00000
       1775        224    2.00000   20.00000    4.00000   34.00000   35.50000   34.75000 2251.76291 2117.13649 2381.61210 2388.28283 2388.22649 2399.62138    0.32136    0.31052    2.50185    0.17361    0.00026   35.06145    0.67877    2.70501    2.86093   35.72064    5.25603  103.83586    1.79221    0.00891   -1.80112    0.99505  266.86311  291.16224  831.65505  280.00000    0.00000    0.00000    0.00000    0.00000    0.00000    0.00000
       1825        224    2.00000   20.00000    4.00000   34.00000   35.50000   34.75000 2251.75412 2117.13582 2381.40856 2388.28283 2388.22649 2399.62138    0.32136    0.31052    2.50185    0.17361    0.00026   35.06145    0.75656    2.77989    2.93874   35.74242    5.25927  103.89927    1.79221    0.00891   -1.80112    0.99505  266.84548  291.16118  829.95593  280.00000    0.00000    0.00000    0.00000    0.00000    0.00000    0.00000
       1875        224    2.00000   20.00000    4.00000   34.00000   35.50000   34.75000 2251.74552 2117.13517 2381.20963 2388.28283 2388.22649 2399.62138    0.32136    0.31052    2.50185    0.17361    0.00026   35.06145    0.83416    2.85440    3.01636   35.76023    5.26191  103.95112    1.79221    0.00891   -1.80112    0.99505  266.82825  291.16014  828.29859  280.00000    0.00000    0.00000    0.00000    0.00000    0.00000    0.00000
       1925        224    2.00000   20.00000    4.00000   34.00000   35.50000   34.75000 2251.73712 2117.13453 2381.01519 2388.28283 2388.22649 2399.62138    0.32136    0.31052    2.50185    0.17361    0.00026   35.06145    0.91157    2.92854    3.09378   35.77480    5.26407  103.99354    1.79221    0.00891   -1.80112    0.99505  266.81141  291.15912  826.68194  280.00000    0.00000    0.00000    0.00000    0.00000    0.00000    0.00000
       1975        224    2.00000   20.00000    4.00000   34.00000   35.50000   34.75000 2251.72891 2117.13390 2380.82516 2388.28283 2388.22649 2399.62138    0.32136    0.31052    2.50185    0.17361    0.00026   35.06145    0.98878    3.00229    3.17101   35.78672    5.26584  104.02822    1.79221    0.00891   -1.80112    0.99505  266.79496  291.15813  825.10491  280.00000    0.00000    0.00000    0.00000    0.00000    0.00000    0.00000
       2025        224    2.00000   20.00000    4.00000   34.00000   35.50000   34.75000 2251.72088 2117.13329 2380.63943 2388.28283 2388.22649 2399.62138    0.32136    0.31052    2.50185    0.17361    0.00026   35.06145    1.06579    3.07561    3.24803   35.79646    5.26729  104.05659    1.79221    0.00891   -1.80112    0.99505  266.77887  291.15716  823.56648  280.00000    0.00000    0.00000    0.00000    0.00000    0.00000    0.00000
       2075        224    2.00000   20.00000    4.00000   34.00000   35.50000   34.75000 2251.71304 2117.13269 2380.45790 2388.28283 2388.22649 2399.62138    0.32136    0.31052    2.50185    0.17361    0.00026   35.06145    1.14259    3.14850    3.32485   35.80444    5.26848  104.07980    1.79221    0.00891   -1.80112    0.99505  266.76315  291.15621  822.06562  280.00000    0.00000    0.00000    0.00000    0.00000    0.00000    0.00000
       2125        224    2.00000   20.00000    4.00000   34.00000   35.50000   34.75000 2251.70537 2117.13211 2380.28047 2388.28283 2388.22649 2399.62138    0.32136    0.31052    2.50185    0.17361    0.00026   35.06145    1.21918    3.22091    3.40146   35.81095    5.26944  104.09877    1.79221    0.00891   -1.80112    0.99505  266.74779  291.15528  820.60138  280.00000    0.00000    0.00000    0.00000    0.00000    0.00000    0.00000
       2175        224    2.00000   20.00000    4.00000   34.00000   35.50000   34.75000 2251.69787 2117.13154 2380.10706 2388.28283 2388.22649 2399.62138    0.32136    0.31052    2.50185    0.17361    0.00026   35.06145    1.29556    3.29284    3.47784   35.81629    5.27024  104.11429    1.79221    0.00891   -1.80112    0.99505  266.73277  291.15437  819.17279  280.00000    0.00000    0.00000    0.00000    0.00000    0.00000    0.00000
       2225        224    2.00000   20.00000    4.00000   34.00000   35.50000   34.75000 2251.69054 2117.13098 2379.93757 2388.28283 2388.22649 2399.62138    0.32136    0.31052    2.50185    0.17361    0.00026   35.06145    1.37170    3.36423    3.55400   35.82065    5.27088  104.12699    1.79221    0.00891   -1.80112    0.99505  266.71810  291.15349  817.77894  280.00000    0.00000    0.00000    0.00000    0.00000    0.00000    0.00000
       2275        224    2.00000   20.00000    4.00000   34.00000   35.50000   34.75000 2251.68338 2117.13044 2379.77192 2388.28283 2388.22649 2399.62138    0.32136    0.31052    2.50185    0.17361    0.00026   35.06145    1.44762    3.43507    3.62993   35.82421    5.27141  104.13737    1.79221    0.00891   -1.80112    0.99505  266.70375  291.15262  816.41894  280.00000    0.00000    0.00000    0.00000    0.00000    0.00000    0.00000
       2325        224    2.00000   20.00000    4.00000   34.00000   35.50000   34.75000 2251.67638 2117.12990 2379.61001 2388.28283 2388.22649 2399.62138    0.32136    0.31052    2.50185    0.17361    0.00026   35.06145    1.52329    3.50530    3.70562   35.82713    5.27185  104.14586    1.79221    0.00891   -1.80112    0.99505  266.68973  291.15177  815.09191  280.00000    0.00000    0.00000    0.00000    0.00000    0.00000    0.00000
       2375        224    2.00000   20.00000    4.00000   34.00000   35.50000   34.75000 2251.66954 2117.12938 2379.45177 2388.28283 2388.22649 2399.62138    0.32136    0.31052    2.50185    0.17361    0.00026   35.06145    1.59872    3.57490    3.78105   35.82952    5.27220  104.15280    1.79221    0.00891   -1.80112    0.99505  266.67603  291.15094  813.79701  280.00000    0.00000    0.00000    0.00000    0.00000    0.00000    0.00000
       2425        224    2.00000   20.00000    4.00000   34.00000   35.50000   34.75000 2251.66285 2117.12887 2379.29711 2388.28283 2388.22649 2399.62138    0.32136    0.31052    2.50185    0.17361    0.00026   35.06145    1.67388    3.64380    3.85623   35.83147    5.27249  104.15848    1.79221    0.00891   -1.80112    0.99505  266.66263  291.15013  812.53341  280.00000    0.00000    0.00000    0.00000    0.00000    0.00000    0.00000
       2475        224    2.00000   20.00000    4.00000   34.00000   35.50000   34.75000 2251.65631 2117.12838 2379.14594 2388.28283 2388.22649 2399.62138    0.32136    0.31052    2.50185    0.17361    0.00026   35.06145    1.74879    3.71196    3.93114   35.83306    5.27273  104.16313    1.79221    0.00891   -1.80112    0.99505  266.64954  291.14934  811.30032  280.00000    0.00000    0.00000    0.00000    0.00000    0.00000    0.00000
       2525        224    2.00000   20.00000    4.00000   34.00000   35.50000   34.75000 2251.64992 2117.12789 2378.99820 2388.28283 2388.22649 2399.62138    0.32136    0.31052    2.50185    0.17361    0.00026   35.06145    1.82341    3.77932    4.00577   35.83437    5.27292  104.16693    1.79221    0.00891   -1.80112    0.99505  266.63675  291.14857  810.09695  280.00000    0.00000    0.00000    0.00000    0.00000    0.00000    0.00000
       2575        224    2.00000   20.00000    4.00000   34.00000   35.50000   34.75000 2251.64368 2117.12741 2378.85380 2388.28283 2388.22649 2399.62138    0.32136    0.31052    2.50185    0.17361    0.00026   35.06145    1.89774    3.84581    4.08011   35.83543    5.27308  104.17004    1.79221    0.00891   -1.80112    0.99505  266.62425  291.14781  808.92256  280.00000    0.00000    0.00000    0.00000    0.00000    0.00000    0.00000
       2625        224    2.00000   20.00000    4.00000   34.00000   35.50000   34.75000 2251.63757 2117.12695 2378.71266 2388.28283 2388.22649 2399.62138    0.32136    0.31052    2.50185    0.17361    0.00026   35.06145    1.97177    3.91137    4.15414   35.83631    5.27321  104.17258    1.79221    0.00891   -1.80112    0.99505  266.61202  291.14708  807.77642  280.00000    0.00000    0.00000    0.00000    0.00000    0.00000    0.00000
       2675        224    2.00000   20.00000    4.00000   34.00000   35.50000   34.75000 2251.63161 2117.12650 2378.57472 2388.28283 2388.22649 2399.62138    0.32136    0.31052    2.50185    0.17361    0.00026   35.06145    2.04547    3.97591    4.22785   35.83702    5.27332  104.17466    1.79221    0.00891   -1.80112    0.99505  266.60008  291.14635  806.65779  280.00000    0.00000    0.00000    0.00000    0.00000    0.00000    0.00000
       2725        224    2.00000   20.00000    4.00000   34.00000   35.50000   34.75000 2251.62578 2117.12605 2378.43990 2388.28283 2388.22649 2399.62138    0.32136    0.31052    2.50185    0.17361    0.00026   35.06145    2.11885    4.03934    4.30122   35.83761    5.27340  104.17636    1.79221    0.00891   -1.80112    0.99505  266.58840  291.14565  805.56600  280.00000    0.00000    0.00000    0.00000    0.00000    0.00000    0.00000
       2775        224    2.00000   20.00000    4.00000   34.00000   35.50000   34.75000 2251.62007 2117.12562 2378.30813 2388.28283 2388.22649 2399.62138    0.32136    0.31052    2.50185    0.17361    0.00026   35.06145    2.19187    4.10157    4.37424   35.83808    5.27347  104.17775    1.79221    0.00891   -1.80112    0.99505  266.57699  291.14496  804.50036  280.00000    0.00000    0.00000    0.00000    0.00000    0.00000    0.00000
       2825        224    2.00000   20.00000    4.00000   34.00000   35.50000   34.75000 2251.61450 2117.12519 2378.17934 2388.28283 2388.22649 2399.62138    0.32136    0.31052    2.50185    0.17361    0.00026   35.06145    2.26451    4.16250    4.44689   35.83847    5.27353  104.17888    1.79221    0.00891   -1.80112    0.99505  266.56584  291.14428  803.46022  280.00000    0.00000    0.00000    0.00000    0.00000    0.00000    0.00000
       2875        224    2.00000   20.00000    4.00000   34.00000   35.50000   34.75000 2251.60906 2117.12478 2378.05346 2388.28283 2388.22649 2399.62138    0.32136    0.31052    2.50185    0.17361    0.00026   35.06145    2.33676    4.22201    4.51913   35.83879    5.27358  104.17981    1.79221    0.00891   -1.80112    0.99505  266.55494  291.14363  802.44493  280.00000    0.00000    0.00000    0.00000    0.00000    0.00000    0.00000
       2925        224    2.00000   20.00000    4.00000   34.00000   35.50000   34.75000 2251.60373 2117.12437 2377.93043 2388.28283 2388.22649 2399.62138    0.32136    0.31052    2.50185    0.17361    0.00026   35.06145    2.40860    4.27998    4.59096   35.83905    5.27362  104.18057    1.79221    0.00891   -1.80112    0.99505  266.54429  291.14298  801.45388  280.00000    0.00000    0.00000    0.00000    0.00000    0.00000    0.00000
       2975        224    2.00000   20.00000    4.00000   34.00000   35.50000   34.75000 2251.59853 2117.12398 2377.81018 2388.28283 2388.22649 2399.62138    0.32136    0.31052    2.50185    0.17361    0.00026   35.06145    2.47999    4.33629    4.66233   35.83927    5.27365  104.18120    1.79221    0.00891   -1.80112    0.99505  266.53387  291.14235  800.48646  280.00000    0.00000    0.00000    0.00000    0.00000    0.00000    0.00000
       3025        224    2.00000   20.00000    4.00000   34.00000   35.50000   34.75000 2251.59344 2117.12359 2377.69266 2388.28283 2388.22649 2399.62138    0.32136    0.31052    2.50185    0.17361    0.00026   35.06145    2.55090    4.39080    4.73324   35.83944    5.27368  104.18171    1.79221    0.00891   -1.80112    0.99505  266.52370  291.14174  799.54208  280.00000    0.00000    0.00000    0.00000    0.00000    0.00000    0.00000
       3075        224    2.00000   20.00000    4.00000   34.00000   35.50000   34.75000 2251.58847 2117.12321 2377.57779 2388.28283 2388.22649 2399.62138    0.32136    0.31052    2.50185    0.17361    0.00026   35.06145    2.62131    4.44337    4.80363   35.83959    5.27370  104.18212    1.79221    0.00891   -1.80112    0.99505  266.51375  291.14114  798.62017  280.00000    0.00000    0.00000    0.00000    0.00000    0.00000    0.00000
       3125        224    2.00000   20.00000    4.00000   34.00000   35.50000   34.75000 2251.58361 2117.12284 2377.46552 2388.28283 2388.22649 2399.62138    0.32136    0.31052    2.50185    0.17361    0.00026   35.06145    2.69119    4.49388    4.87348   35.83970    5.27371  104.18246    1.79221    0.00891   -1.80112    0.99505  266.50403  291.14055  797.72017  280.00000    0.00000    0.00000    0.00000    0.00000    0.00000    0.00000
       3175        224    2.00000   20.00000    4.00000   34.00000   35.50000   34.75000 2251.57886 2117.12248 2377.35580 2388.28283 2388.22649 2399.62138    0.32136    0.31052    2.50185    0.17361    0.00026   35.06145    2.76049    4.54220    4.94276   35.83980    5.27373  104.18274    1.79221    0.00891   -1.80112    0.99505  266.49453  291.13997  796.84153  280.00000    0.00000    0.00000    0.00000    0.00000    0.00000    0.00000
       3225        224    2.00000   20.00000    4.00000   34.00000   35.50000   34.75000 2251.57422 2117.12213 2377.24855 2388.28283 2388.22649 2399.62138    0.32136    0.31052    2.50185    0.17361    0.00026   35.06145    2.82919    4.58822    5.01143   35.83988    5.27374  104.18297    1.79221    0.00891   -1.80112    0.99505  266.48524  291.13941  795.98373  280.00000    0.00000    0.00000    0.00000    0.00000    0.00000    0.00000
       3275        224    2.00000   20.00000    4.00000   34.00000   35.50000   34.75000 2251.56969 2117.12178 2377.14373 2388.28283 2388.22649 2399.62138    0.32136    0.31052    2.50185    0.17361    0.00026   35.06145    2.89724    4.63184    5.07944   35.83994    5.27375  104.18315    1.79221    0.00891   -1.80112    0.99505  266.47617  291.13886  795.14626  280.00000    0.00000    0.00000    0.00000    0.00000    0.00000    0.00000
       3325        224    2.00000   20.00000    4.00000   34.00000   35.50000   34.75000 2251.56525 2117.12145 2377.04128 2388.28283 2388.22649 2399.62138    0.32136    0.31052    2.50185    0.17361    0.00026   35.06145    2.96460    4.67298    5.14676   35.83999    5.27376  104.18331    1.79221    0.00891   -1.80112    0.99505  266.46729  291.13833  794.32860  280.00000    0.00000    0.00000    0.00000    0.00000    0.00000    0.00000
       3375        224    2.00000   20.00000    4.00000   34.00000   35.50000   34.75000 2251.56092 2117.12112 2376.94115 2388.28283 2388.22649 2399.62138    0.32136    0.31052    2.50185    0.17361    0.00026   35.06145    3.03124    4.71162    5.21336   35.84004    5.27376  104.18343    1.79221    0.00891   -1.80112    0.99505  266.45862  291.13780  793.53028  280.00000    0.00000    0.00000    0.00000    0.00000    0.00000    0.00000
       3425        224    2.00000   20.00000    4.00000   34.00000   35.50000   34.75000 2251.55668 2117.12079 2376.84329 2388.28283 2388.22649 2399.62138    0.32136    0.31052    2.50185    0.17361    0.00026   35.06145    3.09711    4.74772    5.27918   35.84007    5.27377  104.18353    1.79221    0.00891   -1.80112    0.99505  266.45015  291.13729  792.75082  280.00000    0.00000    0.00000    0.00000    0.00000    0.00000    0.00000
       3475        224    2.00000   20.00000    4.00000   34.00000   35.50000   34.75000 2251.55254 2117.12048 2376.74764 2388.28283 2388.22649 2399.62138    0.32136    0.31052    2.50185    0.17361    0.00026   35.06145    3.16217    4.78133    5.34419   35.84010    5.27377  104.18362    1.79221    0.00891   -1.80112    0.99505  266.44187  291.13679  791.98975  280.00000    0.00000    0.00000    0.00000    0.00000    0.00000    0.00000
       3525        224    2.00000   20.00000    4.00000   34.00000   35.50000   34.75000 2251.54849 2117.12017 2376.65415 2388.28283 2388.22649 2399.62138    0.32136    0.31052    2.50185    0.17361    0.00026   35.06145    3.22640    4.81248    5.40836   35.84012    5.27378  104.18368    1.79221    0.00891   -1.80112    0.99505  266.43377  291.13630  791.24663  280.00000    0.00000    0.00000    0.00000    0.00000    0.00000    0.00000
       3575        224    2.00000   20.00000    4.00000   34.00000   35.50000   34.75000 2251.54454 2117.11987 2376.56278 2388.28283 2388.22649 2399.62138    0.32136    0.31052    2.50185    0.17361    0.00026   35.06145    3.28974    4.84126    5.47164   35.84014    5.27378  104.18374    1.79221    0.00891   -1.80112    0.99505  266.42586  291.13582  790.52102  280.00000    0.00000    0.00000    0.00000    0.00000    0.00000    0.00000
       3625        224    2.00000   20.00000    4.00000   34.00000   35.50000   34.75000 2251.54067 2117.11957 2376.47347 2388.28283 2388.22649 2399.62138    0.32136    0.31052    2.50185    0.17361    0.00026   35.06145    3.35218    4.86779    5.53402   35.84016    5.27378  104.18379    1.79221    0.00891   -1.80112    0.99505  266.41813  291.13535  789.81248  280.00000    0.00000    0.00000    0.00000    0.00000    0.00000    0.00000
       3675        224    2.00000   20.00000    4.00000   34.00000   35.50000   34.75000 2251.53689 2117.11929 2376.38619 2388.28283 2388.22649 2399.62138    0.32136    0.31052    2.50185    0.17361    0.00026   35.06145    3.41369    4.89218    5.59546   35.84017    5.27378  104.18382    1.79221    0.00891   -1.80112    0.99505  266.41057  291.13489  789.12061  280.00000    0.00000    0.00000    0.00000    0.00000    0.00000    0.00000
       3725        224    2.00000   20.00000    4.00000   34.00000   35.50000   34.75000 2251.53320 2117.11901 2376.30088 2388.28283 2388.22649 2399.62138    0.32136    0.31052    2.50185    0.17361    0.00026   35.06145    3.47423    4.91457    5.65593   35.84018    5.27378  104.18385    1.79221    0.00891   -1.80112    0.99505  266.40318  291.13445  788.44500  280.00000    0.00000    0.00000    0.00000    0.00000    0.00000    0.00000
       3775        224    2.00000   20.00000    4.00000   34.00000   35.50000   34.75000 2251.52959 2117.11873 2376.21750 2388.28283 2388.22649 2399.62138    0.32136    0.31052    2.50185    0.17361    0.00026   35.06145    3.53379    4.93512    5.71542   35.84019    5.27379  104.18388    1.79221    0.00891   -1.80112    0.99505  266.39596  291.13401  787.78524  280.00000    0.00000    0.00000    0.00000    0.00000    0.00000    0.00000
       3825        224    2.00000   20.00000    4.00000   34.00000   35.50000   34.75000 2251.52606 2117.11846 2376.13601 2388.28283 2388.22649 2399.62138    0.32136    0.31052    2.50185    0.17361    0.00026   35.06145    3.59236    4.95396    5.77391   35.84020    5.27379  104.18390    1.79221    0.00891   -1.80112    0.99505  266.38891  291.13358  787.14097  280.00000    0.00000    0.00000    0.00000    0.00000    0.00000    0.00000
       3875        224    2.00000   20.00000    4.00000   34.00000   35.50000   34.75000 2251.52261 2117.11820 2376.05636 2388.28283 2388.22649 2399.62138    0.32136    0.31052    2.50185    0.17361    0.00026   35.06145    3.64991    4.97125    5.83139   35.84020    5.27379  104.18392    1.79221    0.00891   -1.80112    0.99505  266.38201  291.13317  786.51180  280.00000    0.00000    0.00000    0.00000    0.00000    0.00000    0.00000
       3925        224    2.00000   20.00000    4.00000   34.00000   35.50000   34.75000 2251.51924 2117.11794 2375.97851 2388.28283 2388.22649 2399.62138    0.32136    0.31052    2.50185    0.17361    0.00026   35.06145    3.70644    4.98712    5.88784   35.84021    5.27379  104.18393    1.79221    0.00891   -1.80112    0.99505  266.37527  291.13276  785.89736  280.00000    0.00000    0.00000    0.00000    0.00000    0.00000    0.00000
       3975        224    2.00000   20.00000    4.00000   34.00000   35.50000   34.75000 2251.51594 2117.11769 2375.90242 2388.28283 2388.22649 2399.62138    0.32136    0.31052    2.50185    0.17361    0.00026   35.06145    3.76195    5.00170    5.94327   35.84021    5.27379  104.18394    1.79221    0.00891   -1.80112    0.99505  266.36868  291.13236  785.29731  280.00000    0.00000    0.00000    0.00000    0.00000    0.00000    0.00000
       4025        224    2.00000   20.00000    4.00000   34.00000   35.50000   34.75000 2251.51272 2117.11745 2375.82806 2388.28283 2388.22649 2399.62138    0.32136    0.31052    2.50185    0.17361    0.00026   35.06145    3.81643    5.01511    5.99766   35.84021    5.27379  104.18395    1.79221    0.00891   -1.80112    0.99505  266.36224  291.13197  784.71129  280.00000    0.00000    0.00000    0.00000    0.00000    0.00000    0.00000
       4075        224    2.00000   20.00000    4.00000   34.00000   35.50000   34.75000 2251.50957 2117.11721 2375.75537 2388.28283 2388.22649 2399.62138    0.32136    0.31052    2.50185    0.17361    0.00026   35.06145    3.86987    5.02747    6.05103   35.84022    5.27379  104.18396    1.79221    0.00891   -1.80112    0.99505  266.35595  291.13159  784.13897  280.00000    0.00000    0.00000    0.00000    0.00000    0.00000    0.00000
       4125        224    2.00000   20.00000    4.00000   34.00000   35.50000   34.75000 2251.50650 2117.11697 2375.68433 2388.28283 2388.22649 2399.62138    0.32136    0.31052    2.50185    0.17361    0.00026   35.06145    3.92229    5.03887    6.10337   35.84022    5.27379  104.18396    1.79221    0.00891   -1.80112    0.99505  266.34980  291.13122  783.58001  280.00000    0.00000    0.00000    0.00000    0.00000    0.00000    0.00000
       4175        224    2.00000   20.00000    4.00000   34.00000   35.50000   34.75000 2251.50349 2117.11674 2375.61490 2388.28283 2388.22649 2399.62138    0.32136    0.31052    2.50185    0.17361    0.00026   35.06145    3.97368    5.04941    6.15468   35.84022    5.27379  104.18397    1.79221    0.00891   -1.80112    0.99505  266.34378  291.13085  783.03410  280.00000    0.00000    0.00000    0.00000    0.00000    0.00000    0.00000
       4225        224    2.00000   20.00000    4.00000   34.00000   35.50000   34.75000 2251.50055 2117.11652 2375.54704 2388.28283 2388.22649 2399.62138    0.32136    0.31052    2.50185    0.17361    0.00026   35.06145    4.02405    5.05917    6.20497   35.84022    5.27379  104.18397    1.79221    0.00891   -1.80112    0.99505  266.33791  291.13050  782.50092  280.00000    0.00000    0.00000    0.00000    0.00000    0.00000    0.00000
       4275        224    2.00000   20.00000    4.00000   34.00000   35.50000   34.75000 2251.49768 2117.11630 2375.48072 2388.28283 2388.22649 2399.62138    0.32136    0.31052    2.50185    0.17361    0.00026   35.06145    4.07342    5.06823    6.25426   35.84022    5.27379  104.18397    1.79221    0.00891   -1.80112    0.99505  266.33216  291.13015  781.98016  280.00000    0.00000    0.00000    0.00000    0.00000    0.00000    0.00000
       4325        224    2.00000   20.00000    4.00000   34.00000   35.50000   34.75000 2251.49487 2117.11609 2375.41589 2388.28283 2388.22649 2399.62138    0.32136    0.31052    2.50185    0.17361    0.00026   35.06145    4.12178    5.07665    6.30254   35.84022    5.27379  104.18398    1.79221    0.00891   -1.80112    0.99505  266.32655  291.12981  781.47154  280.00000    0.00000    0.00000    0.00000    0.00000    0.00000    0.00000
       4375        224    2.00000   20.00000    4.00000   34.00000   35.50000   34.75000 2251.49212 2117.11588 2375.35253 2388.28283 2388.22649 2399.62138    0.32136    0.31052    2.50185    0.17361    0.00026   35.06145    4.16915    5.08449    6.34983   35.84022    5.27379  104.18398    1.79221    0.00891   -1.80112    0.99505  266.32106  291.12948  780.97475  280.00000    0.00000    0.00000    0.00000    0.00000    0.00000    0.00000
       4425        224    2.00000   20.00000    4.00000   34.00000   35.50000   34.75000 2251.48944 2117.11568 2375.29061 2388.28283 2388.22649 2399.62138    0.32136    0.31052    2.50185    0.17361    0.00026   35.06145    4.21554    5.09180    6.39614   35.84023    5.27379  104.18398    1.79221    0.00891   -1.80112    0.99505  266.31570  291.12915  780.48952  280.00000    0.00000    0.00000    0.00000    0.00000    0.00000    0.00000
       4475        224    2.00000   20.00000    4.00000   34.00000   35.50000   34.75000 2251.48682 2117.11548 2375.23008 2388.28283 2388.22649 2399.62138    0.32136    0.31052    2.50185    0.17361    0.00026   35.06145    4.26096    5.09864    6.44149   35.84023    5.27379  104.18398    1.79221    0.00891   -1.80112    0.99505  266.31046  291.12884  780.01558  280.00000    0.00000    0.00000    0.00000    0.00000    0.00000    0.00000
       4525        224    2.00000   20.00000    4.00000   34.00000   35.50000   34.75000 2251.48426 2117.11528 2375.17093 2388.28283 2388.22649 2399.62138    0.32136    0.31052    2.50185    0.17361    0.00026   35.06145    4.30543    5.10504    6.48588   35.84023    5.27379  104.18398    1.79221    0.00891   -1.80112    0.99505  266.30534  291.12853  779.55264  280.00000    0.00000    0.00000    0.00000    0.00000    0.00000    0.00000
       4575        224    2.00000   20.00000    4.00000   34.00000   35.50000   34.75000 2251.48175 2117.11509 2375.11311 2388.28283 2388.22649 2399.62138    0.32136    0.31052    2.50185    0.17361    0.00026   35.06145    4.34896    5.11104    6.52933   35.84023    5.27379  104.18399    1.79221    0.00891   -1.80112    0.99505  266.30033  291.12822  779.10045  280.00000    0.00000    0.00000    0.00000    0.00000    0.00000    0.00000
       4625        224    2.00000   20.00000    4.00000   34.00000   35.50000   34.75000 2251.47930 2117.11490 2375.05660 2388.28283 2388.22649 2399.62138    0.32136    0.31052    2.50185    0.17361    0.00026   35.06145    4.39156    5.11668    6.57186   35.84023    5.27379  104.18399    1.79221    0.00891   -1.80112    0.99505  266.29544  291.12793  778.65876  280.00000    0.00000    0.00000    0.00000    0.00000    0.00000    0.00000
       4675        224    2.00000   20.00000    4.00000   34.00000   35.50000   34.75000 2251.47691 2117.11472 2375.00137 2388.28283 2388.22649 2399.62138    0.32136    0.31052    2.50185    0.17361    0.00026   35.06145    4.43325    5.12199    6.61348   35.84023    5.27379  104.18399    1.79221    0.00891   -1.80112    0.99505  266.29066  291.12764  778.22731  280.00000    0.00000    0.00000    0.00000    0.00000    0.00000    0.00000
       4725        224    2.00000   20.00000    4.00000   34.00000   35.50000   34.75000 2251.47457 2117.11454 2374.94739 2388.28283 2388.22649 2399.62138    0.32136    0.31052    2.50185    0.17361    0.00026   35.06145    4.47404    5.12700    6.65420   35.84023    5.27379  104.18399    1.79221    0.00891   -1.80112    0.99505  266.28598  291.12735  777.80587  280.00000    0.00000    0.00000    0.00000    0.00000    0.00000    0.00000
       4775        224    2.00000   20.00000    4.00000   34.00000   35.50000   34.75000 2251.47229 2117.11437 2374.89463 2388.28283 2388.22649 2399.62138    0.32136    0.31052    2.50185    0.17361    0.00026   35.06145    4.51395    5.13172    6.69404   35.84023    5.27379  104.18399    1.79221    0.00891   -1.80112    0.99505  266.28142  291.12708  777.39418  280.00000    0.00000    0.00000    0.00000    0.00000    0.00000    0.00000
       4825        224    2.00000   20.00000    4.00000   34.00000   35.50000   34.75000 2251.47005 2117.11420 2374.84306 2388.28283 2388.22649 2399.62138    0.32136    0.31052    2.50185    0.17361    0.00026   35.06145    4.55299    5.13618    6.73301   35.84023    5.27379  104.18399    1.79221    0.00891   -1.80112    0.99505  266.27695  291.12681  776.99204  280.00000    0.00000    0.00000    0.00000    0.00000    0.00000    0.00000
       4875        224    2.00000   20.00000    4.00000   34.00000   35.50000   34.75000 2251.46787 2117.11403 2374.79266 2388.28283 2388.22649 2399.62138    0.32136    0.31052    2.50185    0.17361    0.00026   35.06145    4.59118    5.14040    6.77113   35.84023    5.27379  104.18399    1.79221    0.00891   -1.80112    0.99505  266.27259  291.12654  776.59920  280.00000    0.00000    0.00000    0.00000    0.00000    0.00000    0.00000
       4925        224    2.00000   20.00000    4.00000   34.00000   35.50000   34.75000 2251.46573 2117.11387 2374.74341 2388.28283 2388.22649 2399.62138    0.32136    0.31052    2.50185    0.17361    0.00026   35.06145    4.62853    5.14441    6.80842   35.84023    5.27379  104.18399    1.79221    0.00891   -1.80112    0.99505  266.26832  291.12629  776.21544  280.00000    0.00000    0.00000    0.00000    0.00000    0.00000    0.00000
       4975        224    2.00000   20.00000    4.00000   34.00000   35.50000   34.75000 2251.46365 2117.11371 2374.69526 2388.28283 2388.22649 2399.62138    0.32136    0.31052    2.50185    0.17361    0.00026   35.06145    4.66507    5.14820    6.84489   35.84023    5.27379  104.18399    1.79221    0.00891   -1.80112    0.99505  266.26415  291.12603  775.84056  280.00000    0.00000    0.00000    0.00000    0.00000    0.00000    0.00000
       5025        224    2.00000   20.00000    4.00000   34.00000   35.50000   34.75000 2251.46161 2117.11356 2374.64820 2388.28283 2388.22649 2399.62138    0.32136    0.31052    2.50185    0.17361    0.00026   35.06145    4.70080    5.15181    6.88055   35.84023    5.27379  104.18399    1.79221    0.00891   -1.80112    0.99505  266.26008  291.12579  775.47435  280.00000    0.00000    0.00000    0.00000    0.00000    0.00000    0.00000
       5075        224    2.00000   20.00000    4.00000   34.00000   35.50000   34.75000 2251.45962 2117.11340 2374.60221 2388.28283 2388.22649 2399.62138    0.32136    0.31052    2.50185    0.17361    0.00026   35.06145    4.73573    5.15524    6.91543   35.84023    5.27379  104.18399    1.79221    0.00891   -1.80112    0.99505  266.25610  291.12554  775.11659  280.00000    0.00000    0.00000    0.00000    0.00000    0.00000    0.00000
       5125        224    2.00000   20.00000    4.00000   34.00000   35.50000   34.75000 2251.45767 2117.11326 2374.55726 2388.28283 2388.22649 2399.62138    0.32136    0.31052    2.50185    0.17361    0.00026   35.06145    4.76990    5.15851    6.94953   35.84023    5.27379  104.18399    1.79221    0.00891   -1.80112    0.99505  266.25220  291.12531  774.76710  280.00000    0.00000    0.00000    0.00000    0.00000    0.00000    0.00000
       5175        224    2.00000   20.00000    4.00000   34.00000   35.50000   34.75000 2251.45576 2117.11311 2374.51333 2388.28283 2388.22649 2399.62138    0.32136    0.31052    2.50185    0.17361    0.00026   35.06145    4.80330    5.16162    6.98287   35.84023    5.27379  104.18399    1.79221    0.00891   -1.80112    0.99505  266.24840  291.12508  774.42567  280.00000    0.00000    0.00000    0.00000    0.00000    0.00000    0.00000
       5225        224    2.00000   20.00000    4.00000   34.00000   35.50000   34.75000 2251.45390 2117.11297 2374.47039 2388.28283 2388.22649 2399.62138    0.32136    0.31052    2.50185    0.17361    0.00026   35.06145    4.83596    5.16459    7.01548   35.84023    5.27379  104.18399    1.79221    0.00891   -1.80112    0.99505  266.24468  291.12485  774.09211  280.00000    0.00000    0.00000    0.00000    0.00000    0.00000    0.00000
       5275        224    2.00000   20.00000    4.00000   34.00000   35.50000   34.75000 2251.45208 2117.11283 2374.42842 2388.28283 2388.22649 2399.62138    0.32136    0.31052    2.50185    0.17361    0.00026   35.06145    4.86789    5.16743    7.04735   35.84023    5.27379  104.18399    1.79221    0.00891   -1.80112    0.99505  266.24105  291.12463  773.76625  280.00000    0.00000    0.00000    0.00000    0.00000    0.00000    0.00000
       5325        224    2.00000   20.00000    4.00000   34.00000   35.50000   34.75000 2251.45031 2117.11270 2374.38740 2388.28283 2388.22649 2399.62138    0.32136    0.31052    2.50185    0.17361    0.00026   35.06145    4.89911    5.17014    7.07851   35.84023    5.27379  104.18399    1.79221    0.00891   -1.80112    0.99505  266.23750  291.12442  773.44790  280.00000    0.00000    0.00000    0.00000    0.00000    0.00000    0.00000
       5375        224    2.00000   20.00000    4.00000   34.00000   35.50000   34.75000 2251.44857 2117.11256 2374.34731 2388.28283 2388.22649 2399.62138    0.32136    0.31052    2.50185    0.17361    0.00026   35.06145    4.92963    5.17273    7.10897   35.84023    5.27379  104.18399    1.79221    0.00891   -1.80112    0.99505  266.23402  291.12421  773.13688  280.00000    0.00000    0.00000    0.00000    0.00000    0.00000    0.00000
       5425        224    2.00000   20.00000    4.00000   34.00000   35.50000   34.75000 2251.44687 2117.11243 2374.30813 2388.28283 2388.22649 2399.62138    0.32136    0.31052    2.50185    0.17361    0.00026   35.06145    4.95946    5.17521    7.13874   35.84023    5.27379  104.18399    1.79221    0.00891   -1.80112    0.99505  266.23063  291.12400  772.83303  280.00000    0.00000    0.00000    0.00000    0.00000    0.00000    0.00000
       5475        224    2.00000   20.00000    4.00000   34.00000   35.50000   34.75000 2251.44521 2117.11231 2374.26983 2388.28283 2388.22649 2399.62138    0.32136    0.31052    2.50185    0.17361    0.00026   35.06145    4.98862    5.17759    7.16785   35.84023    5.27379  104.18399    1.79221    0.00891   -1.80112    0.99505  266.22732  291.12380  772.53617  280.00000    0.00000    0.00000    0.00000    0.00000    0.00000    0.00000
       5525        224    2.00000   20.00000    4.00000   34.00000   35.50000   34.75000 2251.44359 2117.11219 2374.23240 2388.28283 2388.22649 2399.62138    0.32136    0.31052    2.50185    0.17361    0.00026   35.06145    5.01712    5.17987    7.19630   35.84023    5.27379  104.18399    1.79221    0.00891   -1.80112    0.99505  266.22407  291.12361  772.24614  280.00000    0.00000    0.00000    0.00000    0.00000    0.00000    0.00000
       5575        224    2.00000   20.00000    4.00000   34.00000   35.50000   34.75000 2251.44200 2117.11206 2374.19581 2388.28283 2388.22649 2399.62138    0.32136    0.31052    2.50185    0.17361    0.00026   35.06145    5.04498    5.18206    7.22411   35.84023    5.27379  104.18399    1.79221    0.00891   -1.80112    0.99505  266.22091  291.12341  771.96278  280.00000    0.00000    0.00000    0.00000    0.00000    0.00000    0.00000
       5625        224    2.00000   20.00000    4.00000   34.00000   35.50000   34.75000 2251.44045 2117.11195 2374.16006 2388.28283 2388.22649 2399.62138    0.32136    0.31052    2.50185    0.17361    0.00026   35.06145    5.07220    5.18416    7.25128   35.84023    5.27379  104.18399    1.79221    0.00891   -1.80112    0.99505  266.21781  291.12323  771.68594  280.00000    0.00000    0.00000    0.00000    0.00000    0.00000    0.00000
       5675        224    2.00000   20.00000    4.00000   34.00000   35.50000   34.75000 2251.43894 2117.11183 2374.12511 2388.28283 2388.22649 2399.62138    0.32136    0.31052    2.50185    0.17361    0.00026   35.06145    5.09882    5.18617    7.27785   35.84023    5.27379  104.18399    1.79221    0.00891   -1.80112    0.99505  266.21478  291.12304  771.41547  280.00000    0.00000    0.00000    0.00000    0.00000    0.00000    0.00000
       5725        224    2.00000   20.00000    4.00000   34.00000   35.50000   34.75000 2251.43746 2117.11172 2374.09095 2388.28283 2388.22649 2399.62138    0.32136    0.31052    2.50185    0.17361    0.00026   35.06145    5.12482    5.18811    7.30381   35.84023    5.27379  104.18399    1.79221    0.00891   -1.80112    0.99505  266.21183  291.12286  771.15121  280.00000    0.00000    0.00000    0.00000    0.00000    0.00000    0.00000
       5775        224    2.00000   20.00000    4.00000   34.00000   35.50000   34.75000 2251.43601 2117.11161 2374.05757 2388.28283 2388.22649 2399.62138    0.32136    0.31052    2.50185    0.17361    0.00026   35.06145    5.15024    5.18998    7.32918   35.84023    5.27379  104.18399    1.79221    0.00891   -1.80112    0.99505  266.20894  291.12269  770.89301  280.00000    0.00000    0.00000    0.00000    0.00000    0.00000    0.00000
       5825        224    2.00000   20.00000    4.00000   34.00000   35.50000   34.75000 2251.43460 2117.11150 2374.02494 2388.28283 2388.22649 2399.62138    0.32136    0.31052    2.50185    0.17361    0.00026   35.06145    5.17508    5.19177    7.35397   35.84023    5.27379  104.18399    1.79221    0.00891   -1.80112    0.99505  266.20611  291.12252  770.64075  280.00000    0.00000    0.00000    0.00000    0.00000    0.00000    0.00000
       5875        224    2.00000   20.00000    4.00000   34.00000   35.50000   34.75000 2251.43322 2117.11140 2373.99305 2388.28283 2388.22649 2399.62138    0.32136    0.31052    2.50185    0.17361    0.00026   35.06145    5.19936    5.19350    7.37820   35.84023    5.27379  104.18399    1.79221    0.00891   -1.80112    0.99505  266.20335  291.12235  770.39428  280.00000    0.00000    0.00000    0.00000    0.00000    0.00000    0.00000
       5925        224    2.00000   20.00000    4.00000   34.00000   35.50000   34.75000 2251.43186 2117.11129 2373.96188 2388.28283 2388.22649 2399.62138    0.32136    0.31052    2.50185    0.17361    0.00026   35.06145    5.22308    5.19516    7.40188   35.84023    5.27379  104.18399    1.79221    0.00891   -1.80112    0.99505  266.20065  291.12219  770.15346  280.00000    0.00000    0.00000    0.00000    0.00000    0.00000    0.00000
       5975        224    2.00000   20.00000    4.00000   34.00000   35.50000   34.75000 2251.43054 2117.11119 2373.93141 2388.28283 2388.22649 2399.62138    0.32136    0.31052    2.50185    0.17361    0.00026   35.06145    5.24626    5.19677    7.42502   35.84023    5.27379  104.18399    1.79221    0.00891   -1.80112    0.99505  266.19801  291.12203  769.91817  280.00000    0.00000    0.00000    0.00000    0.00000    0.00000    0.00000
       6025        224    2.00000   20.00000    4.00000   34.00000   35.50000   34.75000 2251.42925 2117.11109 2373.90164 2388.28283 2388.22649 2399.62138    0.32136    0.31052    2.50185    0.17361    0.00026   35.06145    5.26891    5.19832    7.44763   35.84023    5.27379  104.18399    1.79221    0.00891   -1.80112    0.99505  266.19544  291.12187  769.68828  280.00000    0.00000    0.00000    0.00000    0.00000    0.00000    0.00000
       6075        224    2.00000   20.00000    4.00000   34.00000   35.50000   34.75000 2251.42799 2117.11100 2373.87254 2388.28283 2388.22649 2399.62138    0.32136    0.31052    2.50185    0.17361    0.00026   35.06145    5.29105    5.19981    7.46972   35.84023    5.27379  104.18399    1.79221    0.00891   -1.80112    0.99505  266.19292  291.12172  769.46365  280.00000    0.00000    0.00000    0.00000    0.00000    0.00000    0.00000
       6125        224    2.00000   20.00000    4.00000   34.00000   35.50000   34.75000 2251.42676 2117.11090 2373.84409 2388.28283 2388.22649 2399.62138    0.32136    0.31052    2.50185    0.17361    0.00026   35.06145    5.31267    5.20125    7.49131   35.84023    5.27379  104.18399    1.79221    0.00891   -1.80112    0.99505  266.19045  291.12157  769.24418  280.00000    0.00000    0.00000    0.00000    0.00000    0.00000    0.00000
       6175        224    2.00000   20.00000    4.00000   34.00000   35.50000   34.75000 2251.42555 2117.11081 2373.81629 2388.28283 2388.22649 2399.62138    0.32136    0.31052    2.50185    0.17361    0.00026   35.06145    5.33381    5.20264    7.51240   35.84023    5.27379  104.18399    1.79221    0.00891   -1.80112    0.99505  266.18805  291.12142  769.02973  280.00000    0.00000    0.00000    0.00000    0.00000    0.00000    0.00000
       6225        224    2.00000   20.00000    4.00000   34.00000   35.50000   34.75000 2251.42438 2117.11072 2373.78912 2388.28283 2388.22649 2399.62138    0.32136    0.31052    2.50185    0.17361    0.00026   35.06145    5.35446    5.20398    7.53301   35.84023    5.27379  104.18399    1.79221    0.00891   -1.80112    0.99505  266.18569  291.12128  768.82019  280.00000    0.00000    0.00000    0.00000    0.00000    0.00000    0.00000
       6275        224    2.00000   20.00000    4.00000   34.00000   35.50000   34.75000 2251.42322 2117.11064 2373.76257 2388.28283 2388.22649 2399.62138    0.32136    0.31052    2.50185    0.17361    0.00026   35.06145    5.37463    5.20528    7.55315   35.84023    5.27379  104.18399    1.79221    0.00891   -1.80112    0.99505  266.18339  291.12114  768.61546  280.00000    0.00000    0.00000    0.00000    0.00000    0.00000    0.00000
       6325        224    2.00000   20.00000    4.00000   34.00000   35.50000   34.75000 2251.42210 2117.11055 2373.73661 2388.28283 2388.22649 2399.62138    0.32136    0.31052    2.50185    0.17361    0.00026   35.06145    5.39435    5.20654    7.57283   35.84023    5.27379  104.18399    1.79221    0.00891   -1.80112    0.99505  266.18115  291.12101  768.41541  280.00000    0.00000    0.00000    0.00000    0.00000    0.00000    0.00000
       6375        224    2.00000   20.00000    4.00000   34.00000   35.50000   34.75000 2251.42100 2117.11047 2373.71124 2388.28283 2388.22649 2399.62138    0.32136    0.31052    2.50185    0.17361    0.00026   35.06145    5.41361    5.20775    7.59206   35.84023    5.27379  104.18399    1.79221    0.00891   -1.80112    0.99505  266.17895  291.12087  768.21993  280.00000    0.00000    0.00000    0.00000    0.00000    0.00000    0.00000
       6425        224    2.00000   20.00000    4.00000   34.00000   35.50000   34.75000 2251.41993 2117.11038 2373.68645 2388.28283 2388.22649 2399.62138    0.32136    0.31052    2.50185    0.17361    0.00026   35.06145    5.43243    5.20892    7.61084   35.84023    5.27379  104.18399    1.79221    0.00891   -1.80112    0.99505  266.17680  291.12074  768.02894  280.00000    0.00000    0.00000    0.00000    0.00000    0.00000    0.00000
       6475        224    2.00000   20.00000    4.00000   34.00000   35.50000   34.75000 2251.41887 2117.11030 2373.66222 2388.28283 2388.22649 2399.62138    0.32136    0.31052    2.50185    0.17361    0.00026   35.06145    5.45081    5.21006    7.62919   35.84023    5.27379  104.18399    1.79221    0.00891   -1.80112    0.99505  266.17470  291.12062  767.84231  280.00000    0.00000    0.00000    0.00000    0.00000    0.00000    0.00000
       6525        224    2.00000   20.00000    4.00000   34.00000   35.50000   34.75000 2251.41785 2117.11023 2373.63853 2388.28283 2388.22649 2399.62138    0.32136    0.31052    2.50185    0.17361    0.00026   35.06145    5.46878    5.21116    7.64712   35.84023    5.27379  104.18399    1.79221    0.00891   -1.80112    0.99505  266.17265  291.12049  767.65994  280.00000    0.00000    0.00000    0.00000    0.00000    0.00000    0.00000
       6575        224    2.00000   20.00000    4.00000   34.00000   35.50000   34.75000 2251.41684 2117.11015 2373.61538 2388.28283 2388.22649 2399.62138    0.32136    0.31052    2.50185    0.17361    0.00026   35.06145    5.48633    5.21222    7.66464   35.84023    5.27379  104.18399    1.79221    0.00891   -1.80112    0.99505  266.17065  291.12037  767.48175  280.00000    0.00000    0.00000    0.00000    0.00000    0.00000    0.00000
       6625        224    2.00000   20.00000    4.00000   34.00000   35.50000   34.75000 2251.41586 2117.11007 2373.59276 2388.28283 2388.22649 2399.62138    0.32136    0.31052    2.50185    0.17361    0.00026   35.06145    5.50347    5.21325    7.68175   35.84023    5.27379  104.18399    1.79221    0.00891   -1.80112    0.99505  266.16869  291.12025  767.30763  280.00000    0.00000    0.00000    0.00000    0.00000    0.00000    0.00000
       6675        224    2.00000   20.00000    4.00000   34.00000   35.50000   34.75000 2251.41490 2117.11000 2373.57064 2388.28283 2388.22649 2399.62138    0.32136    0.31052    2.50185    0.17361    0.00026   35.06145    5.52022    5.21425    7.69847   35.84023    5.27379  104.18399    1.79221    0.00891   -1.80112    0.99505  266.16678  291.12014  767.13750  280.00000    0.00000    0.00000    0.00000    0.00000    0.00000    0.00000
       6725        224    2.00000   20.00000    4.00000   34.00000   35.50000   34.75000 2251.41397 2117.10993 2373.54903 2388.28283 2388.22649 2399.62138    0.32136    0.31052    2.50185    0.17361    0.00026   35.06145    5.53659    5.21522    7.71481   35.84023    5.27379  104.18399    1.79221    0.00891   -1.80112    0.99505  266.16490  291.12002  766.97124  280.00000    0.00000    0.00000    0.00000    0.00000    0.00000    0.00000
       6775        224    2.00000   20.00000    4.00000   34.00000   35.50000   34.75000 2251.41305 2117.10986 2373.52790 2388.28283 2388.22649 2399.62138    0.32136    0.31052    2.50185    0.17361    0.00026   35.06145    5.55257    5.21615    7.73076   35.84023    5.27379  104.18399    1.79221    0.00891   -1.80112    0.99505  266.16308  291.11991  766.80879  280.00000    0.00000    0.00000    0.00000    0.00000    0.00000    0.00000
       6825        224    2.00000   20.00000    4.00000   34.00000   35.50000   34.75000 2251.41216 2117.10979 2373.50726 2388.28283 2388.22649 2399.62138    0.32136    0.31052    2.50185    0.17361    0.00026   35.06145    5.56819    5.21706    7.74635   35.84023    5.27379  104.18399    1.79221    0.00891   -1.80112    0.99505  266.16129  291.11980  766.65005  280.00000    0.00000    0.00000    0.00000    0.00000    0.00000    0.00000
       6875        224    2.00000   20.00000    4.00000   34.00000   35.50000   34.75000 2251.41128 2117.10973 2373.48708 2388.28283 2388.22649 2399.62138    0.32136    0.31052    2.50185    0.17361    0.00026   35.06145    5.58345    5.21794    7.76158   35.84023    5.27379  104.18399    1.79221    0.00891   -1.80112    0.99505  266.15954  291.11970  766.49493  280.00000    0.00000    0.00000    0.00000    0.00000    0.00000    0.00000
       6925        224    2.00000   20.00000    4.00000   34.00000   35.50000   34.75000 2251.41043 2117.10966 2373.46736 2388.28283 2388.22649 2399.62138    0.32136    0.31052    2.50185    0.17361    0.00026   35.06145    5.59836    5.21880    7.77646   35.84023    5.27379  104.18399    1.79221    0.00891   -1.80112    0.99505  266.15783  291.11959  766.34335  280.00000    0.00000    0.00000    0.00000    0.00000    0.00000    0.00000
       6975        224    2.00000   20.00000    4.00000   34.00000   35.50000   34.75000 2251.40959 2117.10960 2373.44808 2388.28283 2388.22649 2399.62138    0.32136    0.31052    2.50185    0.17361    0.00026   35.06145    5.61292    5.21963    7.79100   35.84023    5.27379  104.18399    1.79221    0.00891   -1.80112    0.99505  266.15616  291.11949  766.19523  280.00000    0.00000    0.00000    0.00000    0.00000    0.00000    0.00000
       7025        224    2.00000   20.00000    4.00000   34.00000   35.50000   34.75000 2251.40877 2117.10954 2373.42924 2388.28283 2388.22649 2399.62138    0.32136    0.31052    2.50185    0.17361    0.00026   35.06145    5.62714    5.22043    7.80519   35.84023    5.27379  104.18399    1.79221    0.00891   -1.80112    0.99505  266.15453  291.11939  766.05050  280.00000    0.00000    0.00000    0.00000    0.00000    0.00000    0.00000
       7075        224    2.00000   20.00000    4.00000   34.00000   35.50000   34.75000 2251.40798 2117.10947 2373.41082 2388.28283 2388.22649 2399.62138    0.32136    0.31052    2.50185    0.17361    0.00026   35.06145    5.64104    5.22121    7.81906   35.84023    5.27379  104.18399    1.79221    0.00891   -1.80112    0.99505  266.15294  291.11930  765.90906  280.00000    0.00000    0.00000    0.00000    0.00000    0.00000    0.00000
       7125        224    2.00000   20.00000    4.00000   34.00000   35.50000   34.75000 2251.40720 2117.10941 2373.39283 2388.28283 2388.22649 2399.62138    0.32136    0.31052    2.50185    0.17361    0.00026   35.06145    5.65462    5.22197    7.83261   35.84023    5.27379  104.18399    1.79221    0.00891   -1.80112    0.99505  266.15138  291.11920  765.77085  280.00000    0.00000    0.00000    0.00000    0.00000    0.00000    0.00000
       7175        224    2.00000   20.00000    4.00000   34.00000   35.50000   34.75000 2251.40643 2117.10936 2373.37523 2388.28283 2388.22649 2399.62138    0.32136    0.31052    2.50185    0.17361    0.00026   35.06145    5.66788    5.22270    7.84585   35.84023    5.27379  104.18399    1.79221    0.00891   -1.80112    0.99505  266.14986  291.11911  765.63579  280.00000    0.00000    0.00000    0.00000    0.00000    0.00000    0.00000
       7225        224    2.00000   20.00000    4.00000   34.00000   35.50000   34.75000 2251.40569 2117.10930 2373.35804 2388.28283 2388.22649 2399.62138    0.32136    0.31052    2.50185    0.17361    0.00026   35.06145    5.68083    5.22342    7.85878   35.84023    5.27379  104.18399    1.79221    0.00891   -1.80112    0.99505  266.14837  291.11902  765.50382  280.00000    0.00000    0.00000    0.00000    0.00000    0.00000    0.00000
       7275        224    2.00000   20.00000    4.00000   34.00000   35.50000   34.75000 2251.40496 2117.10924 2373.34124 2388.28283 2388.22649 2399.62138    0.32136    0.31052    2.50185    0.17361    0.00026   35.06145    5.69349    5.22411    7.87141   35.84023    5.27379  104.18399    1.79221    0.00891   -1.80112    0.99505  266.14691  291.11893  765.37485  280.00000    0.00000    0.00000    0.00000    0.00000    0.00000    0.00000
       7325        224    2.00000   20.00000    4.00000   34.00000   35.50000   34.75000 2251.40425 2117.10919 2373.32481 2388.28283 2388.22649 2399.62138    0.32136    0.31052    2.50185    0.17361    0.00026   35.06145    5.70585    5.22479    7.88375   35.84023    5.27379  104.18399    1.79221    0.00891   -1.80112    0.99505  266.14549  291.11885  765.24882  280.00000    0.00000    0.00000    0.00000    0.00000    0.00000    0.00000
       7375        224    2.00000   20.00000    4.00000   34.00000   35.50000   34.75000 2251.40355 2117.10914 2373.30876 2388.28283 2388.22649 2399.62138    0.32136    0.31052    2.50185    0.17361    0.00026   35.06145    5.71792    5.22544    7.89580   35.84023    5.27379  104.18399    1.79221    0.00891   -1.80112    0.99505  266.14410  291.11876  765.12566  280.00000    0.00000    0.00000    0.00000    0.00000    0.00000    0.00000
       7425        224    2.00000   20.00000    4.00000   34.00000   35.50000   34.75000 2251.40287 2117.10909 2373.29307 2388.28283 2388.22649 2399.62138    0.32136    0.31052    2.50185    0.17361    0.00026   35.06145    5.72972    5.22608    7.90757   35.84023    5.27379  104.18399    1.79221    0.00891   -1.80112    0.99505  266.14274  291.11868  765.00531  280.00000    0.00000    0.00000    0.00000    0.00000    0.00000    0.00000
       7475        224    2.00000   20.00000    4.00000   34.00000   35.50000   34.75000 2251.40221 2117.10904 2373.27774 2388.28283 2388.22649 2399.62138    0.32136    0.31052    2.50185    0.17361    0.00026   35.06145    5.74124    5.22669    7.91907   35.84023    5.27379  104.18399    1.79221    0.00891   -1.80112    0.99505  266.14141  291.11860  764.88770  280.00000    0.00000    0.00000    0.00000    0.00000    0.00000    0.00000
       7525        224    2.00000   20.00000    4.00000   34.00000   35.50000   34.75000 2251.40156 2117.10899 2373.26275 2388.28283 2388.22649 2399.62138    0.32136    0.31052    2.50185    0.17361    0.00026   35.06145    5.75249    5.22730    7.93031   35.84023    5.27379  104.18399    1.79221    0.00891   -1.80112    0.99505  266.14012  291.11852  764.77278  280.00000    0.00000    0.00000    0.00000    0.00000    0.00000    0.00000
       7575        224    2.00000   20.00000    4.00000   34.00000   35.50000   34.75000 2251.40092 2117.10894 2373.24810 2388.28283 2388.22649 2399.62138    0.32136    0.31052    2.50185    0.17361    0.00026   35.06145    5.76349    5.22788    7.94128   35.84023    5.27379  104.18399    1.79221    0.00891   -1.80112    0.99505  266.13885  291.11844  764.66046  280.00000    0.00000    0.00000    0.00000    0.00000    0.00000    0.00000
       7625        224    2.00000   20.00000    4.00000   34.00000   35.50000   34.75000 2251.40030 2117.10889 2373.23379 2388.28283 2388.22649 2399.62138    0.32136    0.31052    2.50185    0.17361    0.00026   35.06145    5.77422    5.22845    7.95200   35.84023    5.27379  104.18399    1.79221    0.00891   -1.80112    0.99505  266.13761  291.11837  764.55071  280.00000    0.00000    0.00000    0.00000    0.00000    0.00000    0.00000
       7675        224    2.00000   20.00000    4.00000   34.00000   35.50000   34.75000 2251.39969 2117.10884 2373.21980 2388.28283 2388.22649 2399.62138    0.32136    0.31052    2.50185    0.17361    0.00026   35.06145    5.78471    5.22900    7.96247   35.84023    5.27379  104.18399    1.79221    0.00891   -1.80112    0.99505  266.13640  291.11829  764.44346  280.00000    0.00000    0.00000    0.00000    0.00000    0.00000    0.00000
       7725        224    2.00000   20.00000    4.00000   34.00000   35.50000   34.75000 2251.39910 2117.10880 2373.20612 2388.28283 2388.22649 2399.62138    0.32136    0.31052    2.50185    0.17361    0.00026   35.06145    5.79496    5.22954    7.97269   35.84023    5.27379  104.18399    1.79221    0.00891   -1.80112    0.99505  266.13521  291.11822  764.33864  280.00000    0.00000    0.00000    0.00000    0.00000    0.00000    0.00000
       7775        224    2.00000   20.00000    4.00000   34.00000   35.50000   34.75000 2251.39852 2117.10875 2373.19275 2388.28283 2388.22649 2399.62138    0.32136    0.31052    2.50185    0.17361    0.00026   35.06145    5.80497    5.23006    7.98268   35.84023    5.27379  104.18399    1.79221    0.00891   -1.80112    0.99505  266.13406  291.11815  764.23622  280.00000    0.00000    0.00000    0.00000    0.00000    0.00000    0.00000
       7825        224    2.00000   20.00000    4.00000   34.00000   35.50000   34.75000 2251.39795 2117.10871 2373.17969 2388.28283 2388.22649 2399.62138    0.32136    0.31052    2.50185    0.17361    0.00026   35.06145    5.81474    5.23057    7.99244   35.84023    5.27379  104.18399    1.79221    0.00891   -1.80112    0.99505  266.13292  291.11808  764.13612  280.00000    0.00000    0.00000    0.00000    0.00000    0.00000    0.00000
       7875        224    2.00000   20.00000    4.00000   34.00000   35.50000   34.75000 2251.39740 2117.10867 2373.16692 2388.28283 2388.22649 2399.62138    0.32136    0.31052    2.50185    0.17361    0.00026   35.06145    5.82429    5.23106    8.00197   35.84023    5.27379  104.18399    1.79221    0.00891   -1.80112    0.99505  266.13182  291.11802  764.03830  280.00000    0.00000    0.00000    0.00000    0.00000    0.00000    0.00000
       7925        224    2.00000   20.00000    4.00000   34.00000   35.50000   34.75000 2251.39686 2117.10863 2373.15444 2388.28283 2388.22649 2399.62138    0.32136    0.31052    2.50185    0.17361    0.00026   35.06145    5.83362    5.23154    8.01128   35.84023    5.27379  104.18399    1.79221    0.00891   -1.80112    0.99505  266.13074  291.11795  763.94271  280.00000    0.00000    0.00000    0.00000    0.00000    0.00000    0.00000
       7975        224    2.00000   20.00000    4.00000   34.00000   35.50000   34.75000 2251.39633 2117.10859 2373.14224 2388.28283 2388.22649 2399.62138    0.32136    0.31052    2.50185    0.17361    0.00026   35.06145    5.84273    5.23201    8.02037   35.84023    5.27379  104.18399    1.79221    0.00891   -1.80112    0.99505  266.12968  291.11789  763.84929  280.00000    0.00000    0.00000    0.00000    0.00000    0.00000    0.00000
       8025        224    2.00000   20.00000    4.00000   34.00000   35.50000   34.75000 2251.39581 2117.10855 2373.13032 2388.28283 2388.22649 2399.62138    0.32136    0.31052    2.50185    0.17361    0.00026   35.06145    5.85163    5.23246    8.02926   35.84023    5.27379  104.18399    1.79221    0.00891   -1.80112    0.99505  266.12865  291.11783  763.75800  280.00000    0.00000    0.00000    0.00000    0.00000    0.00000    0.00000
       8075        224    2.00000   20.00000    4.00000   34.00000   35.50000   34.75000 2251.39531 2117.10851 2373.11867 2388.28283 2388.22649 2399.62138    0.32136    0.31052    2.50185    0.17361    0.00026   35.06145    5.86032    5.23291    8.03793   35.84023    5.27379  104.18399    1.79221    0.00891   -1.80112    0.99505  266.12764  291.11776  763.66878  280.00000    0.00000    0.00000    0.00000    0.00000    0.00000    0.00000
       8125        224    2.00000   20.00000    4.00000   34.00000   35.50000   34.75000 2251.39482 2117.10847 2373.10728 2388.28283 2388.22649 2399.62138    0.32136    0.31052    2.50185    0.17361    0.00026   35.06145    5.86881    5.23334    8.04640   35.84023    5.27379  104.18399    1.79221    0.00891   -1.80112    0.99505  266.12666  291.11770  763.58160  280.00000    0.00000    0.00000    0.00000    0.00000    0.00000    0.00000
       8175        224    2.00000   20.00000    4.00000   34.00000   35.50000   34.75000 2251.39433 2117.10844 2373.09615 2388.28283 2388.22649 2399.62138    0.32136    0.31052    2.50185    0.17361    0.00026   35.06145    5.87710    5.23376    8.05468   35.84023    5.27379  104.18399    1.79221    0.00891   -1.80112    0.99505  266.12569  291.11765  763.49639  280.00000    0.00000    0.00000    0.00000    0.00000    0.00000    0.00000
       8225        224    2.00000   20.00000    4.00000   34.00000   35.50000   34.75000 2251.39386 2117.10840 2373.08527 2388.28283 2388.22649 2399.62138    0.32136    0.31052    2.50185    0.17361    0.00026   35.06145    5.88520    5.23417    8.06277   35.84023    5.27379  104.18399    1.79221    0.00891   -1.80112    0.99505  266.12475  291.11759  763.41313  280.00000    0.00000    0.00000    0.00000    0.00000    0.00000    0.00000
       8275        224    2.00000   20.00000    4.00000   34.00000   35.50000   34.75000 2251.39340 2117.10836 2373.07464 2388.28283 2388.22649 2399.62138    0.32136    0.31052    2.50185    0.17361    0.00026   35.06145    5.89311    5.23456    8.07066   35.84023    5.27379  104.18399    1.79221    0.00891   -1.80112    0.99505  266.12383  291.11753  763.33175  280.00000    0.00000    0.00000    0.00000    0.00000    0.00000    0.00000
       8325        224    2.00000   20.00000    4.00000   34.00000   35.50000   34.75000 2251.39295 2117.10833 2373.06424 2388.28283 2388.22649 2399.62138    0.32136    0.31052    2.50185    0.17361    0.00026   35.06145    5.90084    5.23495    8.07837   35.84023    5.27379  104.18399    1.79221    0.00891   -1.80112    0.99505  266.12293  291.11748  763.25223  280.00000    0.00000    0.00000    0.00000    0.00000    0.00000    0.00000
       8375        224    2.00000   20.00000    4.00000   34.00000   35.50000   34.75000 2251.39251 2117.10830 2373.05409 2388.28283 2388.22649 2399.62138    0.32136    0.31052    2.50185    0.17361    0.00026   35.06145    5.90838    5.23533    8.08591   35.84023    5.27379  104.18399    1.79221    0.00891   -1.80112    0.99505  266.12205  291.11743  763.17451  280.00000    0.00000    0.00000    0.00000    0.00000    0.00000    0.00000
       8425        224    2.00000   20.00000    4.00000   34.00000   35.50000   34.75000 2251.39208 2117.10826 2373.04416 2388.28283 2388.22649 2399.62138    0.32136    0.31052    2.50185    0.17361    0.00026   35.06145    5.91576    5.23570    8.09326   35.84023    5.27379  104.18399    1.79221    0.00891   -1.80112    0.99505  266.12119  291.11737  763.09856  280.00000    0.00000    0.00000    0.00000    0.00000    0.00000    0.00000
       8475        224    2.00000   20.00000    4.00000   34.00000   35.50000   34.75000 2251.39166 2117.10823 2373.03446 2388.28283 2388.22649 2399.62138    0.32136    0.31052    2.50185    0.17361    0.00026   35.06145    5.92296    5.23605    8.10045   35.84023    5.27379  104.18399    1.79221    0.00891   -1.80112    0.99505  266.12035  291.11732  763.02434  280.00000    0.00000    0.00000    0.00000    0.00000    0.00000    0.00000
       8525        224    2.00000   20.00000    4.00000   34.00000   35.50000   34.75000 2251.39125 2117.10820 2373.02497 2388.28283 2388.22649 2399.62138    0.32136    0.31052    2.50185    0.17361    0.00026   35.06145    5.92999    5.23640    8.10747   35.84023    5.27379  104.18399    1.79221    0.00891   -1.80112    0.99505  266.11953  291.11727  762.95180  280.00000    0.00000    0.00000    0.00000    0.00000    0.00000    0.00000
       8575        224    2.00000   20.00000    4.00000   34.00000   35.50000   34.75000 2251.39084 2117.10817 2373.01571 2388.28283 2388.22649 2399.62138    0.32136    0.31052    2.50185    0.17361    0.00026   35.06145    5.93686    5.23674    8.11433   35.84023    5.27379  104.18399    1.79221    0.00891   -1.80112    0.99505  266.11873  291.11722  762.88091  280.00000    0.00000    0.00000    0.00000    0.00000    0.00000    0.00000
       8625        224    2.00000   20.00000    4.00000   34.00000   35.50000   34.75000 2251.39045 2117.10814 2373.00665 2388.28283 2388.22649 2399.62138    0.32136    0.31052    2.50185    0.17361    0.00026   35.06145    5.94356    5.23707    8.12102   35.84023    5.27379  104.18399    1.79221    0.00891   -1.80112    0.99505  266.11794  291.11718  762.81163  280.00000    0.00000    0.00000    0.00000    0.00000    0.00000    0.00000
       8675        224    2.00000   20.00000    4.00000   34.00000   35.50000   34.75000 2251.39007 2117.10811 2372.99779 2388.28283 2388.22649 2399.62138    0.32136    0.31052    2.50185    0.17361    0.00026   35.06145    5.95012    5.23739    8.12756   35.84023    5.27379  104.18399    1.79221    0.00891   -1.80112    0.99505  266.11718  291.11713  762.74392  280.00000    0.00000    0.00000    0.00000    0.00000    0.00000    0.00000
       8725        224    2.00000   20.00000    4.00000   34.00000   35.50000   34.75000 2251.38969 2117.10808 2372.98914 2388.28283 2388.22649 2399.62138    0.32136    0.31052    2.50185    0.17361    0.00026   35.06145    5.95652    5.23771    8.13395   35.84023    5.27379  104.18399    1.79221    0.00891   -1.80112    0.99505  266.11643  291.11708  762.67775  280.00000    0.00000    0.00000    0.00000    0.00000    0.00000    0.00000
       8775        224    2.00000   20.00000    4.00000   34.00000   35.50000   34.75000 2251.38933 2117.10805 2372.98068 2388.28283 2388.22649 2399.62138    0.32136    0.31052    2.50185    0.17361    0.00026   35.06145    5.96277    5.23801    8.14019   35.84023    5.27379  104.18399    1.79221    0.00891   -1.80112    0.99505  266.11569  291.11704  762.61309  280.00000    0.00000    0.00000    0.00000    0.00000    0.00000    0.00000
       8825        224    2.00000   20.00000    4.00000   34.00000   35.50000   34.75000 2251.38897 2117.10803 2372.97241 2388.28283 2388.22649 2399.62138    0.32136    0.31052    2.50185    0.17361    0.00026   35.06145    5.96887    5.23831    8.14628   35.84023    5.27379  104.18399    1.79221    0.00891   -1.80112    0.99505  266.11498  291.11700  762.54989  280.00000    0.00000    0.00000    0.00000    0.00000    0.00000    0.00000
       8875        224    2.00000   20.00000    4.00000   34.00000   35.50000   34.75000 2251.38862 2117.10800 2372.96433 2388.28283 2388.22649 2399.62138    0.32136    0.31052    2.50185    0.17361    0.00026   35.06145    5.97483    5.23860    8.15223   35.84023    5.27379  104.18399    1.79221    0.00891   -1.80112    0.99505  266.11428  291.11695  762.48813  280.00000    0.00000    0.00000    0.00000    0.00000    0.00000    0.00000
       8925        224    2.00000   20.00000    4.00000   34.00000   35.50000   34.75000 2251.38827 2117.10797 2372.95644 2388.28283 2388.22649 2399.62138    0.32136    0.31052    2.50185    0.17361    0.00026   35.06145    5.98066    5.23888    8.15805   35.84023    5.27379  104.18399    1.79221    0.00891   -1.80112    0.99505  266.11359  291.11691  762.42777  280.00000    0.00000    0.00000    0.00000    0.00000    0.00000    0.00000
       8975        224    2.00000   20.00000    4.00000   34.00000   35.50000   34.75000 2251.38794 2117.10795 2372.94872 2388.28283 2388.22649 2399.62138    0.32136    0.31052    2.50185    0.17361    0.00026   35.06145    5.98635    5.23916    8.16372   35.84023    5.27379  104.18399    1.79221    0.00891   -1.80112    0.99505  266.11293  291.11687  762.36878  280.00000    0.00000    0.00000    0.00000    0.00000    0.00000    0.00000
       9025        224    2.00000   20.00000    4.00000   34.00000   35.50000   34.75000 2251.38761 2117.10792 2372.94118 2388.28283 2388.22649 2399.62138    0.32136    0.31052    2.50185    0.17361    0.00026   35.06145    5.99190    5.23943    8.16927   35.84023    5.27379  104.18399    1.79221    0.00891   -1.80112    0.99505  266.11227  291.11683  762.31113  280.00000    0.00000    0.00000    0.00000    0.00000    0.00000    0.00000
       9075        224    2.00000   20.00000    4.00000   34.00000   35.50000   34.75000 2251.38729 2117.10790 2372.93380 2388.28283 2388.22649 2399.62138    0.32136    0.31052    2.50185    0.17361    0.00026   35.06145    5.99733    5.23969    8.17468   35.84023    5.27379  104.18399    1.79221    0.00891   -1.80112    0.99505  266.11163  291.11679  762.25479  280.00000    0.00000    0.00000    0.00000    0.00000    0.00000    0.00000
       9125        224    2.00000   20.00000    4.00000   34.00000   35.50000   34.75000 2251.38698 2117.10788 2372.92660 2388.28283 2388.22649 2399.62138    0.32136    0.31052    2.50185    0.17361    0.00026   35.06145    6.00263    5.23994    8.17997   35.84023    5.27379  104.18399    1.79221    0.00891   -1.80112    0.99505  266.11101  291.11676  762.19973  280.00000    0.00000    0.00000    0.00000    0.00000    0.00000    0.00000
       9175        224    2.00000   20.00000    4.00000   34.00000   35.50000   34.75000 2251.38667 2117.10785 2372.91955 2388.28283 2388.22649 2399.62138    0.32136    0.31052    2.50185    0.17361    0.00026   35.06145    6.00780    5.24019    8.18514   35.84023    5.27379  104.18399    1.79221    0.00891   -1.80112    0.99505  266.11040  291.11672  762.14592  280.00000    0.00000    0.00000    0.00000    0.00000    0.00000    0.00000
       9225        224    2.00000   20.00000    4.00000   34.00000   35.50000   34.75000 2251.38638 2117.10783 2372.91267 2388.28283 2388.22649 2399.62138    0.32136    0.31052    2.50185    0.17361    0.00026   35.06145    6.01286    5.24043    8.19018   35.84023    5.27379  104.18399    1.79221    0.00891   -1.80112    0.99505  266.10981  291.11668  762.09333  280.00000    0.00000    0.00000    0.00000    0.00000    0.00000    0.00000
       9275        224    2.00000   20.00000    4.00000   34.00000   35.50000   34.75000 2251.38608 2117.10781 2372.90594 2388.28283 2388.22649 2399.62138    0.32136    0.31052    2.50185    0.17361    0.00026   35.06145    6.01780    5.24067    8.19511   35.84023    5.27379  104.18399    1.79221    0.00891   -1.80112    0.99505  266.10922  291.11665  762.04193  280.00000    0.00000    0.00000    0.00000    0.00000    0.00000    0.00000
       9325        224    2.00000   20.00000    4.00000   34.00000   35.50000   34.75000 2251.38580 2117.10779 2372.89937 2388.28283 2388.22649 2399.62138    0.32136    0.31052    2.50185    0.17361    0.00026   35.06145    6.02262    5.24090    8.19993   35.84023    5.27379  104.18399    1.79221    0.00891   -1.80112    0.99505  266.10865  291.11661  761.99170  280.00000    0.00000    0.00000    0.00000    0.00000    0.00000    0.00000
       9375        224    2.00000   20.00000    4.00000   34.00000   35.50000   34.75000 2251.38552 2117.10777 2372.89294 2388.28283 2388.22649 2399.62138    0.32136    0.31052    2.50185    0.17361    0.00026   35.06145    6.02733    5.24113    8.20463   35.84023    5.27379  104.18399    1.79221    0.00891   -1.80112    0.99505  266.10810  291.11658  761.94261  280.00000    0.00000    0.00000    0.00000    0.00000    0.00000    0.00000
       9425        224    2.00000   20.00000    4.00000   34.00000   35.50000   34.75000 2251.38525 2117.10774 2372.88666 2388.28283 2388.22649 2399.62138    0.32136    0.31052    2.50185    0.17361    0.00026   35.06145    6.03193    5.24134    8.20922   35.84023    5.27379  104.18399    1.79221    0.00891   -1.80112    0.99505  266.10755  291.11655  761.89463  280.00000    0.00000    0.00000    0.00000    0.00000    0.00000    0.00000
       9475        224    2.00000   20.00000    4.00000   34.00000   35.50000   34.75000 2251.38498 2117.10772 2372.88052 2388.28283 2388.22649 2399.62138    0.32136    0.31052    2.50185    0.17361    0.00026   35.06145    6.03642    5.24156    8.21370   35.84023    5.27379  104.18399    1.79221    0.00891   -1.80112    0.99505  266.10702  291.11652  761.84774  280.00000    0.00000    0.00000    0.00000    0.00000    0.00000    0.00000
       9525        224    2.00000   20.00000    4.00000   34.00000   35.50000   34.75000 2251.38472 2117.10770 2372.87452 2388.28283 2388.22649 2399.62138    0.32136    0.31052    2.50185    0.17361    0.00026   35.06145    6.04081    5.24177    8.21808   35.84023    5.27379  104.18399    1.79221    0.00891   -1.80112    0.99505  266.10650  291.11648  761.80191  280.00000    0.00000    0.00000    0.00000    0.00000    0.00000    0.00000
       9575        224    2.00000   20.00000    4.00000   34.00000   35.50000   34.75000 2251.38447 2117.10768 2372.86865 2388.28283 2388.22649 2399.62138    0.32136    0.31052    2.50185    0.17361    0.00026   35.06145    6.04509    5.24197    8.22236   35.84023    5.27379  104.18399    1.79221    0.00891   -1.80112    0.99505  266.10599  291.11645  761.75713  280.00000    0.00000    0.00000    0.00000    0.00000    0.00000    0.00000
       9625        224    2.00000   20.00000    4.00000   34.00000   35.50000   34.75000 2251.38422 2117.10767 2372.86292 2388.28283 2388.22649 2399.62138    0.32136    0.31052    2.50185    0.17361    0.00026   35.06145    6.04928    5.24217    8.22654   35.84023    5.27379  104.18399    1.79221    0.00891   -1.80112    0.99505  266.10550  291.11642  761.71336  280.00000    0.00000    0.00000    0.00000    0.00000    0.00000    0.00000
       9675        224    2.00000   20.00000    4.00000   34.00000   35.50000   34.75000 2251.38398 2117.10765 2372.85732 2388.28283 2388.22649 2399.62138    0.32136    0.31052    2.50185    0.17361    0.00026   35.06145    6.05337    5.24236    8.23062   35.84023    5.27379  104.18399    1.79221    0.00891   -1.80112    0.99505  266.10501  291.11639  761.67058  280.00000    0.00000    0.00000    0.00000    0.00000    0.00000    0.00000
       9725        224    2.00000   20.00000    4.00000   34.00000   35.50000   34.75000 2251.38374 2117.10763 2372.85184 2388.28283 2388.22649 2399.62138    0.32136    0.31052    2.50185    0.17361    0.00026   35.06145    6.05736    5.24255    8.23460   35.84023    5.27379  104.18399    1.79221    0.00891   -1.80112    0.99505  266.10454  291.11636  761.62877  280.00000    0.00000    0.00000    0.00000    0.00000    0.00000    0.00000
       9775        224    2.00000   20.00000    4.00000   34.00000   35.50000   34.75000 2251.38351 2117.10761 2372.84649 2388.28283 2388.22649 2399.62138    0.32136    0.31052    2.50185    0.17361    0.00026   35.06145    6.06126    5.24273    8.23849   35.84023    5.27379  104.18399    1.79221    0.00891   -1.80112    0.99505  266.10407  291.11634  761.58792  280.00000    0.00000    0.00000    0.00000    0.00000    0.00000    0.00000
       9825        224    2.00000   20.00000    4.00000   34.00000   35.50000   34.75000 2251.38328 2117.10759 2372.84126 2388.28283 2388.22649 2399.62138    0.32136    0.31052    2.50185    0.17361    0.00026   35.06145    6.06506    5.24291    8.24229   35.84023    5.27379  104.18399    1.79221    0.00891   -1.80112    0.99505  266.10362  291.11631  761.54798  280.00000    0.00000    0.00000    0.00000    0.00000    0.00000    0.00000
       9875        224    2.00000   20.00000    4.00000   34.00000   35.50000   34.75000 2251.38306 2117.10758 2372.83615 2388.28283 2388.22649 2399.62138    0.32136    0.31052    2.50185    0.17361    0.00026   35.06145    6.06878    5.24308    8.24601   35.84023    5.27379  104.18399    1.79221    0.00891   -1.80112    0.99505  266.10318  291.11628  761.50896  280.00000    0.00000    0.00000    0.00000    0.00000    0.00000    0.00000
       9925        224    2.00000   20.00000    4.00000   34.00000   35.50000   34.75000 2251.38284 2117.10756 2372.83115 2388.28283 2388.22649 2399.62138    0.32136    0.31052    2.50185    0.17361    0.00026   35.06145    6.07242    5.24326    8.24963   35.84023    5.27379  104.18399    1.79221    0.00891   -1.80112    0.99505  266.10275  291.11626  761.47081  280.00000    0.00000    0.00000    0.00000    0.00000    0.00000    0.00000
       9975        224    2.00000   20.00000    4.00000   34.00000   35.50000   34.75000 2251.38263 2117.10755 2372.82627 2388.28283 2388.22649 2399.62138    0.32136    0.31052    2.50185    0.17361    0.00026   35.06145    6.07596    5.24342    8.25317   35.84023    5.27379  104.18399    1.79221    0.00891   -1.80112    0.99505  266.10232  291.11623  761.43354  280.00000    0.00000    0.00000    0.00000    0.00000    0.00000    0.00000
