      t(yr)     Limits    THETA      THETA      THETA     SALT       SALT       SALT      DIC        DIC        DIC        ALK        ALK        ALK           PO4        PO4        PO4       NO3        NO3        NO3         FET        FET        FET        LIG        LIG        LIG        EXPORT     EXPORT     EXPORT     P*       OCPCO2     OCPCO2     OCPCO2     ATPCO2       LDOC       LDOC       LDOC       PB         PB         PB      
          0               2.00000   20.00000    4.00000   34.00000   35.50000   34.75000 2200.00000 2100.00000 2400.00000 2350.00000 2350.00000 2400.00000    2.00000    0.00000    2.50000   25.00000    0.00000   35.00000    0.00000    0.00000    0.00000    2.00000    2.00000    2.00000    0.00000    0.00000    0.00000    0.28571  237.33609  313.93736  995.96146  280.00000    0.00000    0.00000    0.00000    0.00000    0.00000    0.00000
         25        333    2.00011   20.00110    4.00022   34.00186   35.50195   34.75190 2265.04409 2087.14699 2399.26478 2394.30777 2372.03400 2399.85949    2.40499    0.23391    2.49740   33.28333    0.09654   34.98070    0.00021    0.02855    0.04057    0.70307    0.20940    1.91543    0.03892    1.70247   -1.74139    0.04852  289.10403  265.53590  990.02334  280.01534    0.00000    0.00000    0.00000    0.00000    0.00000    0.00000
         75        323    2.00000   20.00000    4.00000   34.00000   35.50000   34.75000 2268.99067 2098.58007 2397.99839 2398.99776 2387.41615 2399.60088    2.38027    0.31072    2.49675   33.11562    0.05664   34.97949    0.00056    0.02151    0.11804    0.67821    0.11549    1.99309    0.10231    1.69969   -1.80199    0.05328  288.48867  264.33703  980.05122  280.00000    0.00000    0.00000    0.00000    0.00000    0.00000    0.00000
        125        324    2.00000   20.00000    4.00000   34.00000   35.50000   34.75000 2268.38686 2099.87583 2397.01909 2398.61885 2388.20605 2399.59595    2.30898    0.31344    2.49691   31.97550    0.04925   34.98237    0.00088    0.06164    0.18922    0.75797    0.12645    2.22856    0.16055    1.64011   -1.80065    0.08595  287.70637  265.28093  970.59843  280.00000    0.00000    0.00000    0.00000    0.00000    0.00000    0.00000
        175        324    2.00000   20.00000    4.00000   34.00000   35.50000   34.75000 2267.82732 2100.51062 2396.07979 2398.27260 2388.24027 2399.59655    2.24247    0.31347    2.49707   30.91131    0.04756   34.98501    0.00119    0.09061    0.25576    0.85303    0.13987    2.50657    0.21498    1.58552   -1.80051    0.11644  286.97281  266.14342  961.55842  280.00000    0.00000    0.00000    0.00000    0.00000    0.00000    0.00000
        225        324    2.00000   20.00000    4.00000   34.00000   35.50000   34.75000 2267.29760 2101.08261 2395.17498 2397.94612 2388.24128 2399.59735    2.17968    0.31338    2.49723   29.90680    0.04597   34.98751    0.00148    0.11325    0.31862    0.94884    0.15349    2.78590    0.26642    1.53400   -1.80042    0.14521  286.27829  266.95736  952.91896  280.00000    0.00000    0.00000    0.00000    0.00000    0.00000    0.00000
        275        324    2.00000   20.00000    4.00000   34.00000   35.50000   34.75000 2266.79268 2101.62319 2394.30309 2397.63580 2388.24086 2399.59812    2.12001    0.31329    2.49738   28.95198    0.04446   34.98989    0.00175    0.13221    0.37841    1.03943    0.16640    3.04959    0.31533    1.48503   -1.80036    0.17256  285.61686  267.73100  944.65944  280.00000    0.00000    0.00000    0.00000    0.00000    0.00000    0.00000
        325        324    2.00000   20.00000    4.00000   34.00000   35.50000   34.75000 2266.30982 2102.13714 2393.46279 2397.33973 2388.24039 2399.59886    2.06307    0.31320    2.49752   28.04099    0.04302   34.99215    0.00202    0.14855    0.43548    1.12240    0.17821    3.29081    0.36201    1.43830   -1.80032    0.19865  284.98497  268.46914  936.76027  280.00000    0.00000    0.00000    0.00000    0.00000    0.00000    0.00000
        375        324    2.00000   20.00000    4.00000   34.00000   35.50000   34.75000 2265.84739 2102.62672 2392.65282 2397.05678 2388.23995 2399.59956    2.00866    0.31311    2.49765   27.17037    0.04165   34.99432    0.00227    0.16280    0.49002    1.19700    0.18882    3.50754    0.40663    1.39365   -1.80028    0.22358  284.38050  269.17462  929.20300  280.00000    0.00000    0.00000    0.00000    0.00000    0.00000    0.00000
        425        324    2.00000   20.00000    4.00000   34.00000   35.50000   34.75000 2265.40438 2103.09340 2391.87197 2396.78625 2388.23952 2399.60024    1.95663    0.31303    2.49778   26.33797    0.04034   34.99639    0.00252    0.17526    0.54216    1.26332    0.19823    3.70006    0.44929    1.35095   -1.80025    0.24741  283.80205  269.84920  921.97018  280.00000    0.00000    0.00000    0.00000    0.00000    0.00000    0.00000
        475        324    2.00000   20.00000    4.00000   34.00000   35.50000   34.75000 2264.98012 2103.53817 2391.11908 2396.52766 2388.23912 2399.60088    1.90690    0.31295    2.49791   25.54232    0.03910   34.99837    0.00275    0.18619    0.59201    1.32184    0.20650    3.86982    0.49007    1.31014   -1.80021    0.27019  283.24865  270.49407  915.04532  280.00000    0.00000    0.00000    0.00000    0.00000    0.00000    0.00000
        525        324    2.00000   20.00000    4.00000   34.00000   35.50000   34.75000 2264.57409 2103.96183 2390.39300 2396.28067 2388.23873 2399.60149    1.85941    0.31288    2.49802   24.78235    0.03791   35.00026    0.00298    0.19578    0.63961    1.37322    0.21374    4.01878    0.52901    1.27116   -1.80017    0.29194  282.71955  271.11009  908.41280  280.00000    0.00000    0.00000    0.00000    0.00000    0.00000    0.00000
        575        324    2.00000   20.00000    4.00000   34.00000   35.50000   34.75000 2264.18589 2104.36504 2389.69267 2396.04498 2388.23836 2399.60208    1.81408    0.31281    2.49814   24.05714    0.03677   35.00206    0.00319    0.20419    0.68503    1.41819    0.22004    4.14905    0.56617    1.23396   -1.80013    0.31269  282.21410  271.69798  902.05779  280.00000    0.00000    0.00000    0.00000    0.00000    0.00000    0.00000
        625        324    2.00000   20.00000    4.00000   34.00000   35.50000   34.75000 2263.81511 2104.74842 2389.01702 2395.82032 2388.23801 2399.60264    1.77088    0.31274    2.49824   23.36587    0.03569   35.00378    0.00340    0.21158    0.72833    1.45747    0.22552    4.26274    0.60158    1.19851   -1.80009    0.33248  281.73169  272.25840  895.96627  280.00000    0.00000    0.00000    0.00000    0.00000    0.00000    0.00000
        675        324    2.00000   20.00000    4.00000   34.00000   35.50000   34.75000 2263.46137 2105.11255 2388.36504 2395.60642 2388.23767 2399.60317    1.72974    0.31268    2.49835   22.70773    0.03466   35.00542    0.00359    0.21807    0.76954    1.49172    0.23027    4.36183    0.63529    1.16475   -1.80004    0.35131  281.27172  272.79201  890.12494  280.00000    0.00000    0.00000    0.00000    0.00000    0.00000    0.00000
        725        324    2.00000   20.00000    4.00000   34.00000   35.50000   34.75000 2263.12427 2105.45801 2387.73577 2395.40302 2388.23736 2399.60368    1.69063    0.31261    2.49844   22.08188    0.03369   35.00697    0.00378    0.22378    0.80873    1.52159    0.23439    4.44815    0.66735    1.13265   -1.80000    0.36921  280.83360  273.29946  884.52119  280.00000    0.00000    0.00000    0.00000    0.00000    0.00000    0.00000
        775        324    2.00000   20.00000    4.00000   34.00000   35.50000   34.75000 2262.80340 2105.78540 2387.12825 2395.20983 2388.23706 2399.60416    1.65347    0.31256    2.49854   21.48746    0.03276   35.00845    0.00396    0.22881    0.84594    1.54762    0.23795    4.52333    0.69779    1.10216   -1.79995    0.38622  280.41671  273.78144  879.14310  280.00000    0.00000    0.00000    0.00000    0.00000    0.00000    0.00000
        825        324    2.00000   20.00000    4.00000   34.00000   35.50000   34.75000 2262.49831 2106.09532 2386.54160 2395.02657 2388.23677 2399.60461    1.61823    0.31250    2.49862   20.92359    0.03189   35.00985    0.00413    0.23325    0.88124    1.57033    0.24104    4.58883    0.72666    1.07324   -1.79990    0.40235  280.02041  274.23866  873.97936  280.00000    0.00000    0.00000    0.00000    0.00000    0.00000    0.00000
        875        324    2.00000   20.00000    4.00000   34.00000   35.50000   34.75000 2262.20854 2106.38839 2385.97494 2394.85294 2388.23650 2399.60504    1.58484    0.31245    2.49871   20.38931    0.03106   35.01118    0.00430    0.23717    0.91468    1.59014    0.24371    4.64594    0.75401    1.04583   -1.79985    0.41763  279.64403  274.67188  869.01929  280.00000    0.00000    0.00000    0.00000    0.00000    0.00000    0.00000
        925        324    2.00000   20.00000    4.00000   34.00000   35.50000   34.75000 2261.93361 2106.66522 2385.42744 2394.68860 2388.23625 2399.60545    1.55324    0.31240    2.49879   19.88366    0.03027   35.01244    0.00445    0.24064    0.94633    1.60745    0.24603    4.69578    0.77990    1.01990   -1.79980    0.43210  279.28691  275.08188  864.25275  280.00000    0.00000    0.00000    0.00000    0.00000    0.00000    0.00000
        975        324    2.00000   20.00000    4.00000   34.00000   35.50000   34.75000 2261.67302 2106.92644 2384.89830 2394.53324 2388.23601 2399.60584    1.52336    0.31235    2.49886   19.40565    0.02953   35.01363    0.00460    0.24371    0.97624    1.62258    0.24803    4.73933    0.80436    0.99538   -1.79974    0.44577  278.94835  275.46946  859.67020  280.00000    0.00000    0.00000    0.00000    0.00000    0.00000    0.00000
       1025        324    2.00000   20.00000    4.00000   34.00000   35.50000   34.75000 2261.42627 2107.17270 2384.38677 2394.38653 2388.23578 2399.60620    1.49515    0.31231    2.49893   18.95423    0.02883   35.01475    0.00473    0.24644    1.00449    1.63584    0.24978    4.77743    0.82747    0.97222   -1.79969    0.45868  278.62766  275.83545  855.26257  280.00000    0.00000    0.00000    0.00000    0.00000    0.00000    0.00000
       1075        324    2.00000   20.00000    4.00000   34.00000   35.50000   34.75000 2261.19282 2107.40463 2383.89210 2394.24813 2388.23556 2399.60655    1.46853    0.31227    2.49900   18.52838    0.02817   35.01581    0.00486    0.24887    1.03113    1.64747    0.25129    4.81081    0.84926    0.95038   -1.79964    0.47086  278.32411  276.18069  851.02132  280.00000    0.00000    0.00000    0.00000    0.00000    0.00000    0.00000
       1125        324    2.00000   20.00000    4.00000   34.00000   35.50000   34.75000 2260.97216 2107.62286 2383.41361 2394.11769 2388.23536 2399.60687    1.44345    0.31223    2.49906   18.12703    0.02755   35.01681    0.00499    0.25104    1.05624    1.65770    0.25261    4.84012    0.86980    0.92979   -1.79959    0.48233  278.03701  276.50603  846.93837  280.00000    0.00000    0.00000    0.00000    0.00000    0.00000    0.00000
       1175        324    2.00000   20.00000    4.00000   34.00000   35.50000   34.75000 2260.76374 2107.82802 2382.95062 2393.99488 2388.23517 2399.60718    1.41983    0.31219    2.49912   17.74914    0.02697   35.01775    0.00510    0.25298    1.07988    1.66670    0.25376    4.86589    0.88913    0.91041   -1.79954    0.49314  277.76564  276.81232  843.00609  280.00000    0.00000    0.00000    0.00000    0.00000    0.00000    0.00000
       1225        324    2.00000   20.00000    4.00000   34.00000   35.50000   34.75000 2260.56704 2108.02074 2382.50250 2393.87934 2388.23499 2399.60746    1.39761    0.31216    2.49917   17.39364    0.02642   35.01863    0.00521    0.25465    1.10211    1.67464    0.25476    4.88860    0.90732    0.89218   -1.79949    0.50330  277.50929  277.10042  839.21725  280.00000    0.00000    0.00000    0.00000    0.00000    0.00000    0.00000
       1275        324    2.00000   20.00000    4.00000   34.00000   35.50000   34.75000 2260.38157 2108.20158 2382.06863 2393.77078 2388.23483 2399.60773    1.37673    0.31213    2.49922   17.05959    0.02590   35.01946    0.00532    0.25564    1.12301    1.68166    0.25563    4.90865    0.92440    0.87504   -1.79945    0.51285  277.26734  277.37110  835.56504  280.00000    0.00000    0.00000    0.00000    0.00000    0.00000    0.00000
       1325        324    2.00000   20.00000    4.00000   34.00000   35.50000   34.75000 2260.20688 2108.37108 2381.64843 2393.66888 2388.23467 2399.60799    1.35714    0.31210    2.49927   16.74607    0.02542   35.02024    0.00541    0.25642    1.14261    1.68787    0.25640    4.92639    0.94044    0.85896   -1.79940    0.52182  277.03916  277.62509  832.04298  280.00000    0.00000    0.00000    0.00000    0.00000    0.00000    0.00000
       1375        324    2.00000   20.00000    4.00000   34.00000   35.50000   34.75000 2260.04243 2108.52983 2381.24134 2393.57333 2388.23452 2399.60823    1.33876    0.31207    2.49932   16.45206    0.02496   35.02097    0.00551    0.25710    1.16100    1.69339    0.25707    4.94211    0.95547    0.84388   -1.79935    0.53022  276.82406  277.86324  828.64498  280.00000    0.00000    0.00000    0.00000    0.00000    0.00000    0.00000
       1425        324    2.00000   20.00000    4.00000   34.00000   35.50000   34.75000 2259.88770 2108.67841 2380.84684 2393.48378 2388.23438 2399.60845    1.32154    0.31204    2.49936   16.17652    0.02454   35.02166    0.00559    0.25771    1.17823    1.69830    0.25766    4.95608    0.96956    0.82975   -1.79931    0.53810  276.62137  278.08636  825.36529  280.00000    0.00000    0.00000    0.00000    0.00000    0.00000    0.00000
       1475        324    2.00000   20.00000    4.00000   34.00000   35.50000   34.75000 2259.74218 2108.81739 2380.46442 2393.39991 2388.23426 2399.60866    1.30541    0.31202    2.49940   15.91847    0.02414   35.02230    0.00567    0.25823    1.19436    1.70267    0.25818    4.96851    0.98276    0.81651   -1.79927    0.54548  276.43045  278.29527  822.19849  280.00000    0.00000    0.00000    0.00000    0.00000    0.00000    0.00000
       1525        324    2.00000   20.00000    4.00000   34.00000   35.50000   34.75000 2259.60540 2108.94732 2380.09359 2393.32142 2388.23413 2399.60885    1.29032    0.31199    2.49944   15.67695    0.02377   35.02290    0.00575    0.25870    1.20946    1.70658    0.25864    4.97960    0.99511    0.80412   -1.79923    0.55238  276.25064  278.49074  819.13944  280.00000    0.00000    0.00000    0.00000    0.00000    0.00000    0.00000
       1575        324    2.00000   20.00000    4.00000   34.00000   35.50000   34.75000 2259.47686 2109.06871 2379.73392 2393.24800 2388.23402 2399.60903    1.27620    0.31197    2.49947   15.45104    0.02342   35.02346    0.00582    0.25912    1.22358    1.71007    0.25905    4.98951    1.00666    0.79253   -1.79919    0.55884  276.08136  278.67353  816.18330  280.00000    0.00000    0.00000    0.00000    0.00000    0.00000    0.00000
       1625        324    2.00000   20.00000    4.00000   34.00000   35.50000   34.75000 2259.35612 2109.18207 2379.38495 2393.17936 2388.23392 2399.60921    1.26300    0.31195    2.49951   15.23983    0.02310   35.02399    0.00588    0.25949    1.23679    1.71321    0.25941    4.99839    1.01746    0.78170   -1.79916    0.56487  275.92201  278.84436  813.32551  280.00000    0.00000    0.00000    0.00000    0.00000    0.00000    0.00000
       1675        324    2.00000   20.00000    4.00000   34.00000   35.50000   34.75000 2259.24274 2109.28788 2379.04627 2393.11522 2388.23382 2399.60936    1.25066    0.31193    2.49954   15.04248    0.02280   35.02448    0.00595    0.25981    1.24912    1.71602    0.25973    5.00635    1.02755    0.77158   -1.79912    0.57052  275.77202  279.00393  810.56174  280.00000    0.00000    0.00000    0.00000    0.00000    0.00000    0.00000
       1725        324    2.00000   20.00000    4.00000   34.00000   35.50000   34.75000 2259.13629 2109.38660 2378.71750 2393.05531 2388.23373 2399.60951    1.23914    0.31192    2.49957   14.85817    0.02251   35.02494    0.00600    0.26010    1.26064    1.71856    0.26002    5.01352    1.03697    0.76212   -1.79909    0.57578  275.63087  279.15290  807.88791  280.00000    0.00000    0.00000    0.00000    0.00000    0.00000    0.00000
       1775        324    2.00000   20.00000    4.00000   34.00000   35.50000   34.75000 2259.03637 2109.47866 2378.39825 2392.99939 2388.23364 2399.60965    1.22839    0.31190    2.49959   14.68610    0.02225   35.02536    0.00606    0.26036    1.27140    1.72084    0.26027    5.01997    1.04576    0.75330   -1.79906    0.58070  275.49805  279.29191  805.30016  280.00000    0.00000    0.00000    0.00000    0.00000    0.00000    0.00000
       1825        324    2.00000   20.00000    4.00000   34.00000   35.50000   34.75000 2258.94259 2109.56447 2378.08817 2392.94721 2388.23356 2399.60978    1.21835    0.31188    2.49962   14.52554    0.02200   35.02576    0.00611    0.26060    1.28143    1.72291    0.26050    5.02579    1.05397    0.74506   -1.79903    0.58529  275.37305  279.42157  802.79484  280.00000    0.00000    0.00000    0.00000    0.00000    0.00000    0.00000
       1875        324    2.00000   20.00000    4.00000   34.00000   35.50000   34.75000 2258.85459 2109.64444 2377.78691 2392.89854 2388.23349 2399.60990    1.20899    0.31187    2.49964   14.37577    0.02177   35.02614    0.00616    0.26081    1.29079    1.72478    0.26070    5.03106    1.06162    0.73738   -1.79900    0.58957  275.25542  279.54246  800.36850  280.00000    0.00000    0.00000    0.00000    0.00000    0.00000    0.00000
       1925        324    2.00000   20.00000    4.00000   34.00000   35.50000   34.75000 2258.77202 2109.71892 2377.49417 2392.85315 2388.23342 2399.61002    1.20027    0.31186    2.49966   14.23613    0.02156   35.02648    0.00620    0.26099    1.29952    1.72647    0.26088    5.03583    1.06876    0.73022   -1.79898    0.59356  275.14471  279.65512  798.01787  280.00000    0.00000    0.00000    0.00000    0.00000    0.00000    0.00000
       1975        324    2.00000   20.00000    4.00000   34.00000   35.50000   34.75000 2258.69455 2109.78828 2377.20961 2392.81085 2388.23335 2399.61012    1.19213    0.31184    2.49968   14.10596    0.02136   35.02681    0.00624    0.26116    1.30766    1.72801    0.26105    5.04015    1.07541    0.72354   -1.79895    0.59728  275.04052  279.76008  795.73987  280.00000    0.00000    0.00000    0.00000    0.00000    0.00000    0.00000
       2025        324    2.00000   20.00000    4.00000   34.00000   35.50000   34.75000 2258.62186 2109.85284 2376.93296 2392.77143 2388.23329 2399.61022    1.18455    0.31183    2.49970   13.98467    0.02117   35.02711    0.00628    0.26131    1.31524    1.72941    0.26119    5.04408    1.08161    0.71732   -1.79893    0.60075  274.94243  279.85782  793.53156  280.00000    0.00000    0.00000    0.00000    0.00000    0.00000    0.00000
       2075        324    2.00000   20.00000    4.00000   34.00000   35.50000   34.75000 2258.55366 2109.91292 2376.66393 2392.73470 2388.23323 2399.61031    1.17749    0.31182    2.49972   13.87168    0.02100   35.02739    0.00631    0.26145    1.32230    1.73068    0.26133    5.04766    1.08739    0.71152   -1.79891    0.60398  274.85008  279.94882  791.39016  280.00000    0.00000    0.00000    0.00000    0.00000    0.00000    0.00000
       2125        324    2.00000   20.00000    4.00000   34.00000   35.50000   34.75000 2258.48967 2109.96882 2376.40226 2392.70051 2388.23318 2399.61040    1.17091    0.31181    2.49974   13.76645    0.02084   35.02765    0.00635    0.26157    1.32887    1.73185    0.26145    5.05091    1.09277    0.70613   -1.79889    0.60698  274.76311  280.03351  789.31304  280.00000    0.00000    0.00000    0.00000    0.00000    0.00000    0.00000
       2175        324    2.00000   20.00000    4.00000   34.00000   35.50000   34.75000 2258.42962 2110.02080 2376.14769 2392.66867 2388.23313 2399.61048    1.16479    0.31180    2.49975   13.66848    0.02069   35.02789    0.00638    0.26169    1.33500    1.73291    0.26156    5.05388    1.09777    0.70110   -1.79887    0.60978  274.68120  280.11231  787.29771  280.00000    0.00000    0.00000    0.00000    0.00000    0.00000    0.00000
       2225        324    2.00000   20.00000    4.00000   34.00000   35.50000   34.75000 2258.37327 2110.06914 2375.89997 2392.63903 2388.23309 2399.61055    1.15909    0.31179    2.49977   13.57729    0.02055   35.02812    0.00641    0.26179    1.34069    1.73388    0.26165    5.05660    1.10243    0.69642   -1.79885    0.61239  274.60402  280.18560  785.34181  280.00000    0.00000    0.00000    0.00000    0.00000    0.00000    0.00000
       2275        324    2.00000   20.00000    4.00000   34.00000   35.50000   34.75000 2258.32037 2110.11408 2375.65888 2392.61145 2388.23304 2399.61062    1.15379    0.31178    2.49978   13.49243    0.02042   35.02833    0.00643    0.26188    1.34600    1.73476    0.26174    5.05908    1.10677    0.69207   -1.79884    0.61481  274.53128  280.25376  783.44307  280.00000    0.00000    0.00000    0.00000    0.00000    0.00000    0.00000
       2325        324    2.00000   20.00000    4.00000   34.00000   35.50000   34.75000 2258.27071 2110.15584 2375.42419 2392.58579 2388.23301 2399.61068    1.14885    0.31178    2.49979   13.41347    0.02030   35.02853    0.00646    0.26197    1.35093    1.73557    0.26183    5.06135    1.11080    0.68802   -1.79882    0.61707  274.46270  280.31712  781.59936  280.00000    0.00000    0.00000    0.00000    0.00000    0.00000    0.00000
       2375        324    2.00000   20.00000    4.00000   34.00000   35.50000   34.75000 2258.22408 2110.19465 2375.19570 2392.56191 2388.23297 2399.61074    1.14426    0.31177    2.49980   13.34001    0.02018   35.02871    0.00648    0.26204    1.35552    1.73632    0.26190    5.06343    1.11456    0.68425   -1.79881    0.61917  274.39803  280.37601  779.80865  280.00000    0.00000    0.00000    0.00000    0.00000    0.00000    0.00000
       2425        324    2.00000   20.00000    4.00000   34.00000   35.50000   34.75000 2258.18029 2110.23070 2374.97320 2392.53971 2388.23293 2399.61080    1.13999    0.31176    2.49981   13.27169    0.02008   35.02888    0.00650    0.26211    1.35979    1.73700    0.26197    5.06533    1.11805    0.68075   -1.79879    0.62112  274.33701  280.43074  778.06901  280.00000    0.00000    0.00000    0.00000    0.00000    0.00000    0.00000
       2475        324    2.00000   20.00000    4.00000   34.00000   35.50000   34.75000 2258.13915 2110.26419 2374.75649 2392.51906 2388.23290 2399.61085    1.13602    0.31176    2.49982   13.20816    0.01998   35.02904    0.00652    0.26218    1.36376    1.73763    0.26203    5.06709    1.12129    0.67749   -1.79878    0.62294  274.27942  280.48158  776.37860  280.00000    0.00000    0.00000    0.00000    0.00000    0.00000    0.00000
       2525        324    2.00000   20.00000    4.00000   34.00000   35.50000   34.75000 2258.10049 2110.29528 2374.54540 2392.49986 2388.23287 2399.61089    1.13233    0.31175    2.49983   13.14909    0.01989   35.02919    0.00654    0.26224    1.36745    1.73821    0.26209    5.06869    1.12431    0.67446   -1.79877    0.62462  274.22505  280.52880  774.73567  280.00000    0.00000    0.00000    0.00000    0.00000    0.00000    0.00000
       2575        324    2.00000   20.00000    4.00000   34.00000   35.50000   34.75000 2258.06415 2110.32415 2374.33974 2392.48202 2388.23285 2399.61094    1.12889    0.31175    2.49984   13.09418    0.01981   35.02932    0.00656    0.26229    1.37088    1.73874    0.26214    5.07017    1.12712    0.67164   -1.79876    0.62619  274.17368  280.57266  773.13854  280.00000    0.00000    0.00000    0.00000    0.00000    0.00000    0.00000
       2625        324    2.00000   20.00000    4.00000   34.00000   35.50000   34.75000 2258.02998 2110.35096 2374.13934 2392.46543 2388.23282 2399.61098    1.12570    0.31174    2.49985   13.04313    0.01973   35.02945    0.00658    0.26234    1.37407    1.73923    0.26218    5.07153    1.12973    0.66902   -1.79875    0.62765  274.12513  280.61338  771.58564  280.00000    0.00000    0.00000    0.00000    0.00000    0.00000    0.00000
       2675        324    2.00000   20.00000    4.00000   34.00000   35.50000   34.75000 2257.99784 2110.37583 2373.94405 2392.45001 2388.23280 2399.61102    1.12274    0.31174    2.49986   12.99568    0.01966   35.02957    0.00659    0.26238    1.37703    1.73968    0.26223    5.07279    1.13215    0.66659   -1.79874    0.62901  274.07923  280.65118  770.07543  280.00000    0.00000    0.00000    0.00000    0.00000    0.00000    0.00000
       2725        324    2.00000   20.00000    4.00000   34.00000   35.50000   34.75000 2257.96759 2110.39892 2373.75371 2392.43568 2388.23278 2399.61105    1.11998    0.31173    2.49986   12.95159    0.01959   35.02968    0.00661    0.26242    1.37979    1.74009    0.26227    5.07394    1.13440    0.66433   -1.79873    0.63027  274.03580  280.68626  768.60648  280.00000    0.00000    0.00000    0.00000    0.00000    0.00000    0.00000
       2775        324    2.00000   20.00000    4.00000   34.00000   35.50000   34.75000 2257.93912 2110.42034 2373.56816 2392.42236 2388.23276 2399.61109    1.11742    0.31173    2.49987   12.91062    0.01953   35.02978    0.00662    0.26246    1.38235    1.74047    0.26230    5.07500    1.13650    0.66223   -1.79872    0.63144  273.99469  280.71882  767.17739  280.00000    0.00000    0.00000    0.00000    0.00000    0.00000    0.00000
       2825        324    2.00000   20.00000    4.00000   34.00000   35.50000   34.75000 2257.91231 2110.44021 2373.38726 2392.40999 2388.23274 2399.61112    1.11504    0.31173    2.49988   12.87255    0.01947   35.02987    0.00663    0.26250    1.38473    1.74083    0.26234    5.07599    1.13844    0.66027   -1.79871    0.63253  273.95576  280.74903  765.78685  280.00000    0.00000    0.00000    0.00000    0.00000    0.00000    0.00000
       2875        324    2.00000   20.00000    4.00000   34.00000   35.50000   34.75000 2257.88705 2110.45864 2373.21089 2392.39850 2388.23272 2399.61115    1.11283    0.31172    2.49988   12.83719    0.01941   35.02996    0.00664    0.26253    1.38694    1.74115    0.26237    5.07689    1.14025    0.65846   -1.79871    0.63354  273.91887  280.77705  764.43360  280.00000    0.00000    0.00000    0.00000    0.00000    0.00000    0.00000
       2925        324    2.00000   20.00000    4.00000   34.00000   35.50000   34.75000 2257.86324 2110.47573 2373.03889 2392.38782 2388.23270 2399.61117    1.11078    0.31172    2.49989   12.80433    0.01936   35.03004    0.00665    0.26256    1.38899    1.74145    0.26240    5.07773    1.14193    0.65677   -1.79870    0.63448  273.88390  280.80304  763.11641  280.00000    0.00000    0.00000    0.00000    0.00000    0.00000    0.00000
       2975        324    2.00000   20.00000    4.00000   34.00000   35.50000   34.75000 2257.84079 2110.49158 2372.87116 2392.37790 2388.23269 2399.61120    1.10887    0.31172    2.49989   12.77381    0.01932   35.03012    0.00666    0.26259    1.39090    1.74173    0.26242    5.07850    1.14349    0.65521   -1.79869    0.63535  273.85072  280.82714  761.83415  280.00000    0.00000    0.00000    0.00000    0.00000    0.00000    0.00000
       3025        324    2.00000   20.00000    4.00000   34.00000   35.50000   34.75000 2257.81960 2110.50628 2372.70755 2392.36869 2388.23267 2399.61122    1.10710    0.31171    2.49990   12.74547    0.01927   35.03019    0.00667    0.26261    1.39267    1.74199    0.26245    5.07921    1.14493    0.65375   -1.79869    0.63616  273.81923  280.84949  760.58568  280.00000    0.00000    0.00000    0.00000    0.00000    0.00000    0.00000
       3075        324    2.00000   20.00000    4.00000   34.00000   35.50000   34.75000 2257.79961 2110.51990 2372.54797 2392.36013 2388.23266 2399.61124    1.10545    0.31171    2.49990   12.71914    0.01923   35.03026    0.00668    0.26263    1.39431    1.74222    0.26247    5.07987    1.14628    0.65240   -1.79868    0.63691  273.78931  280.87021  759.36996  280.00000    0.00000    0.00000    0.00000    0.00000    0.00000    0.00000
       3125        324    2.00000   20.00000    4.00000   34.00000   35.50000   34.75000 2257.78072 2110.53252 2372.39228 2392.35218 2388.23265 2399.61126    1.10393    0.31171    2.49990   12.69469    0.01919   35.03032    0.00669    0.26266    1.39584    1.74244    0.26249    5.08048    1.14753    0.65115   -1.79868    0.63761  273.76088  280.88941  758.18597  280.00000    0.00000    0.00000    0.00000    0.00000    0.00000    0.00000
       3175        324    2.00000   20.00000    4.00000   34.00000   35.50000   34.75000 2257.76287 2110.54422 2372.24039 2392.34480 2388.23264 2399.61128    1.10251    0.31171    2.49991   12.67198    0.01916   35.03037    0.00669    0.26268    1.39726    1.74264    0.26251    5.08104    1.14869    0.64999   -1.79867    0.63826  273.73385  280.90721  757.03272  280.00000    0.00000    0.00000    0.00000    0.00000    0.00000    0.00000
       3225        324    2.00000   20.00000    4.00000   34.00000   35.50000   34.75000 2257.74600 2110.55506 2372.09219 2392.33795 2388.23263 2399.61130    1.10119    0.31170    2.49991   12.65089    0.01913   35.03043    0.00670    0.26269    1.39858    1.74283    0.26253    5.08156    1.14977    0.64890   -1.79867    0.63886  273.70813  280.92370  755.90928  280.00000    0.00000    0.00000    0.00000    0.00000    0.00000    0.00000
       3275        324    2.00000   20.00000    4.00000   34.00000   35.50000   34.75000 2257.73004 2110.56510 2371.94758 2392.33159 2388.23262 2399.61131    1.09997    0.31170    2.49991   12.63131    0.01910   35.03047    0.00671    0.26271    1.39980    1.74300    0.26254    5.08204    1.15077    0.64790   -1.79866    0.63942  273.68363  280.93898  754.81474  280.00000    0.00000    0.00000    0.00000    0.00000    0.00000    0.00000
       3325        324    2.00000   20.00000    4.00000   34.00000   35.50000   34.75000 2257.71492 2110.57440 2371.80646 2392.32568 2388.23261 2399.61133    1.09883    0.31170    2.49992   12.61313    0.01907   35.03052    0.00671    0.26273    1.40094    1.74317    0.26256    5.08249    1.15169    0.64697   -1.79866    0.63994  273.66029  280.95313  753.74824  280.00000    0.00000    0.00000    0.00000    0.00000    0.00000    0.00000
       3375        324    2.00000   20.00000    4.00000   34.00000   35.50000   34.75000 2257.70061 2110.58301 2371.66873 2392.32019 2388.23260 2399.61134    1.09777    0.31170    2.49992   12.59625    0.01904   35.03056    0.00672    0.26274    1.40199    1.74331    0.26257    5.08290    1.15256    0.64610   -1.79866    0.64042  273.63805  280.96623  752.70894  280.00000    0.00000    0.00000    0.00000    0.00000    0.00000    0.00000
       3425        324    2.00000   20.00000    4.00000   34.00000   35.50000   34.75000 2257.68705 2110.59098 2371.53430 2392.31510 2388.23259 2399.61135    1.09679    0.31170    2.49992   12.58057    0.01902   35.03060    0.00672    0.26275    1.40297    1.74345    0.26258    5.08328    1.15336    0.64530   -1.79865    0.64087  273.61682  280.97836  751.69605  280.00000    0.00000    0.00000    0.00000    0.00000    0.00000    0.00000
       3475        324    2.00000   20.00000    4.00000   34.00000   35.50000   34.75000 2257.67419 2110.59837 2371.40309 2392.31037 2388.23258 2399.61137    1.09588    0.31170    2.49992   12.56602    0.01900   35.03064    0.00673    0.26277    1.40388    1.74358    0.26259    5.08363    1.15410    0.64455   -1.79865    0.64128  273.59656  280.98960  750.70879  280.00000    0.00000    0.00000    0.00000    0.00000    0.00000    0.00000
       3525        324    2.00000   20.00000    4.00000   34.00000   35.50000   34.75000 2257.66198 2110.60520 2371.27501 2392.30598 2388.23258 2399.61138    1.09504    0.31169    2.49993   12.55251    0.01898   35.03067    0.00673    0.26278    1.40472    1.74370    0.26260    5.08396    1.15479    0.64386   -1.79865    0.64167  273.57721  280.99999  749.74642  280.00000    0.00000    0.00000    0.00000    0.00000    0.00000    0.00000
       3575        324    2.00000   20.00000    4.00000   34.00000   35.50000   34.75000 2257.65039 2110.61152 2371.14997 2392.30190 2388.23257 2399.61139    1.09426    0.31169    2.49993   12.53997    0.01896   35.03070    0.00674    0.26279    1.40551    1.74381    0.26261    5.08427    1.15543    0.64321   -1.79865    0.64203  273.55871  281.00962  748.80822  280.00000    0.00000    0.00000    0.00000    0.00000    0.00000    0.00000
       3625        324    2.00000   20.00000    4.00000   34.00000   35.50000   34.75000 2257.63938 2110.61737 2371.02791 2392.29812 2388.23256 2399.61140    1.09353    0.31169    2.49993   12.52833    0.01894   35.03073    0.00674    0.26280    1.40623    1.74391    0.26262    5.08455    1.15603    0.64262   -1.79864    0.64236  273.54101  281.01852  747.89351  280.00000    0.00000    0.00000    0.00000    0.00000    0.00000    0.00000
       3675        324    2.00000   20.00000    4.00000   34.00000   35.50000   34.75000 2257.62891 2110.62278 2370.90873 2392.29460 2388.23256 2399.61141    1.09285    0.31169    2.49993   12.51752    0.01892   35.03076    0.00674    0.26281    1.40691    1.74400    0.26263    5.08481    1.15658    0.64206   -1.79864    0.64267  273.52408  281.02675  747.00161  280.00000    0.00000    0.00000    0.00000    0.00000    0.00000    0.00000
       3725        324    2.00000   20.00000    4.00000   34.00000   35.50000   34.75000 2257.61896 2110.62778 2370.79237 2392.29134 2388.23255 2399.61141    1.09223    0.31169    2.49993   12.50748    0.01891   35.03078    0.00675    0.26281    1.40753    1.74409    0.26264    5.08505    1.15709    0.64155   -1.79864    0.64296  273.50787  281.03437  746.13189  280.00000    0.00000    0.00000    0.00000    0.00000    0.00000    0.00000
       3775        324    2.00000   20.00000    4.00000   34.00000   35.50000   34.75000 2257.60948 2110.63240 2370.67876 2392.28831 2388.23255 2399.61142    1.09164    0.31169    2.49993   12.49817    0.01889   35.03080    0.00675    0.26282    1.40812    1.74417    0.26265    5.08527    1.15757    0.64107   -1.79864    0.64322  273.49233  281.04140  745.28373  280.00000    0.00000    0.00000    0.00000    0.00000    0.00000    0.00000
       3825        324    2.00000   20.00000    4.00000   34.00000   35.50000   34.75000 2257.60045 2110.63668 2370.56781 2392.28550 2388.23255 2399.61143    1.09110    0.31169    2.49994   12.48953    0.01888   35.03083    0.00675    0.26283    1.40866    1.74424    0.26265    5.08548    1.15801    0.64063   -1.79864    0.64347  273.47743  281.04791  744.45652  280.00000    0.00000    0.00000    0.00000    0.00000    0.00000    0.00000
       3875        324    2.00000   20.00000    4.00000   34.00000   35.50000   34.75000 2257.59184 2110.64063 2370.45948 2392.28290 2388.23254 2399.61143    1.09060    0.31169    2.49994   12.48150    0.01887   35.03085    0.00675    0.26284    1.40916    1.74431    0.26266    5.08567    1.15842    0.64021   -1.79863    0.64370  273.46314  281.05392  743.64970  280.00000    0.00000    0.00000    0.00000    0.00000    0.00000    0.00000
       3925        324    2.00000   20.00000    4.00000   34.00000   35.50000   34.75000 2257.58363 2110.64428 2370.35368 2392.28048 2388.23254 2399.61144    1.09014    0.31169    2.49994   12.47405    0.01886   35.03086    0.00676    0.26284    1.40962    1.74438    0.26267    5.08585    1.15880    0.63983   -1.79863    0.64391  273.44942  281.05948  742.86271  280.00000    0.00000    0.00000    0.00000    0.00000    0.00000    0.00000
       3975        324    2.00000   20.00000    4.00000   34.00000   35.50000   34.75000 2257.57580 2110.64764 2370.25036 2392.27823 2388.23253 2399.61145    1.08970    0.31169    2.49994   12.46714    0.01885   35.03088    0.00676    0.26285    1.41006    1.74444    0.26267    5.08601    1.15915    0.63948   -1.79863    0.64411  273.43624  281.06461  742.09499  280.00000    0.00000    0.00000    0.00000    0.00000    0.00000    0.00000
       4025        324    2.00000   20.00000    4.00000   34.00000   35.50000   34.75000 2257.56831 2110.65076 2370.14945 2392.27614 2388.23253 2399.61145    1.08930    0.31169    2.49994   12.46072    0.01884   35.03090    0.00676    0.26285    1.41046    1.74449    0.26268    5.08617    1.15948    0.63915   -1.79863    0.64429  273.42357  281.06935  741.34604  280.00000    0.00000    0.00000    0.00000    0.00000    0.00000    0.00000
       4075        324    2.00000   20.00000    4.00000   34.00000   35.50000   34.75000 2257.56116 2110.65363 2370.05090 2392.27421 2388.23253 2399.61146    1.08893    0.31169    2.49994   12.45476    0.01883   35.03091    0.00676    0.26286    1.41083    1.74454    0.26268    5.08631    1.15979    0.63884   -1.79863    0.64446  273.41139  281.07372  740.61535  280.00000    0.00000    0.00000    0.00000    0.00000    0.00000    0.00000
       4125        324    2.00000   20.00000    4.00000   34.00000   35.50000   34.75000 2257.55433 2110.65628 2369.95465 2392.27241 2388.23253 2399.61146    1.08859    0.31168    2.49994   12.44923    0.01882   35.03093    0.00676    0.26286    1.41117    1.74459    0.26269    5.08644    1.16007    0.63856   -1.79863    0.64462  273.39967  281.07775  739.90243  280.00000    0.00000    0.00000    0.00000    0.00000    0.00000    0.00000
       4175        324    2.00000   20.00000    4.00000   34.00000   35.50000   34.75000 2257.54778 2110.65872 2369.86063 2392.27074 2388.23252 2399.61146    1.08826    0.31168    2.49994   12.44410    0.01881   35.03094    0.00677    0.26287    1.41149    1.74463    0.26269    5.08656    1.16033    0.63830   -1.79863    0.64477  273.38838  281.08147  739.20681  280.00000    0.00000    0.00000    0.00000    0.00000    0.00000    0.00000
       4225        324    2.00000   20.00000    4.00000   34.00000   35.50000   34.75000 2257.54152 2110.66097 2369.76879 2392.26919 2388.23252 2399.61147    1.08797    0.31168    2.49994   12.43934    0.01880   35.03095    0.00677    0.26287    1.41179    1.74468    0.26269    5.08667    1.16057    0.63805   -1.79862    0.64490  273.37751  281.08490  738.52802  280.00000    0.00000    0.00000    0.00000    0.00000    0.00000    0.00000
       4275        324    2.00000   20.00000    4.00000   34.00000   35.50000   34.75000 2257.53551 2110.66305 2369.67909 2392.26776 2388.23252 2399.61147    1.08769    0.31168    2.49994   12.43492    0.01880   35.03096    0.00677    0.26287    1.41207    1.74471    0.26270    5.08678    1.16080    0.63783   -1.79862    0.64503  273.36704  281.08806  737.86564  280.00000    0.00000    0.00000    0.00000    0.00000    0.00000    0.00000
       4325        324    2.00000   20.00000    4.00000   34.00000   35.50000   34.75000 2257.52976 2110.66496 2369.59147 2392.26642 2388.23252 2399.61148    1.08743    0.31168    2.49994   12.43081    0.01879   35.03097    0.00677    0.26288    1.41232    1.74475    0.26270    5.08688    1.16101    0.63761   -1.79862    0.64515  273.35693  281.09097  737.21922  280.00000    0.00000    0.00000    0.00000    0.00000    0.00000    0.00000
       4375        324    2.00000   20.00000    4.00000   34.00000   35.50000   34.75000 2257.52424 2110.66672 2369.50587 2392.26519 2388.23251 2399.61148    1.08720    0.31168    2.49994   12.42701    0.01879   35.03098    0.00677    0.26288    1.41256    1.74478    0.26270    5.08697    1.16120    0.63742   -1.79862    0.64526  273.34719  281.09365  736.58835  280.00000    0.00000    0.00000    0.00000    0.00000    0.00000    0.00000
       4425        324    2.00000   20.00000    4.00000   34.00000   35.50000   34.75000 2257.51894 2110.66834 2369.42225 2392.26404 2388.23251 2399.61148    1.08698    0.31168    2.49995   12.42347    0.01878   35.03099    0.00677    0.26288    1.41278    1.74481    0.26271    5.08705    1.16138    0.63724   -1.79862    0.64536  273.33778  281.09611  735.97262  280.00000    0.00000    0.00000    0.00000    0.00000    0.00000    0.00000
       4475        324    2.00000   20.00000    4.00000   34.00000   35.50000   34.75000 2257.51385 2110.66983 2369.34056 2392.26297 2388.23251 2399.61148    1.08677    0.31168    2.49995   12.42019    0.01878   35.03100    0.00677    0.26289    1.41299    1.74484    0.26271    5.08713    1.16155    0.63707   -1.79862    0.64545  273.32869  281.09838  735.37166  280.00000    0.00000    0.00000    0.00000    0.00000    0.00000    0.00000
       4525        324    2.00000   20.00000    4.00000   34.00000   35.50000   34.75000 2257.50895 2110.67120 2369.26076 2392.26198 2388.23251 2399.61149    1.08658    0.31168    2.49995   12.41715    0.01877   35.03101    0.00677    0.26289    1.41318    1.74487    0.26271    5.08720    1.16171    0.63691   -1.79862    0.64554  273.31992  281.10047  734.78507  280.00000    0.00000    0.00000    0.00000    0.00000    0.00000    0.00000
       4575        324    2.00000   20.00000    4.00000   34.00000   35.50000   34.75000 2257.50425 2110.67245 2369.18280 2392.26106 2388.23251 2399.61149    1.08640    0.31168    2.49995   12.41432    0.01877   35.03101    0.00678    0.26289    1.41335    1.74489    0.26271    5.08727    1.16185    0.63677   -1.79862    0.64562  273.31143  281.10238  734.21249  280.00000    0.00000    0.00000    0.00000    0.00000    0.00000    0.00000
       4625        324    2.00000   20.00000    4.00000   34.00000   35.50000   34.75000 2257.49972 2110.67361 2369.10663 2392.26021 2388.23251 2399.61149    1.08624    0.31168    2.49995   12.41170    0.01876   35.03102    0.00678    0.26289    1.41352    1.74491    0.26272    5.08733    1.16198    0.63663   -1.79862    0.64569  273.30323  281.10414  733.65356  280.00000    0.00000    0.00000    0.00000    0.00000    0.00000    0.00000
       4675        324    2.00000   20.00000    4.00000   34.00000   35.50000   34.75000 2257.49537 2110.67467 2369.03221 2392.25942 2388.23251 2399.61149    1.08609    0.31168    2.49995   12.40927    0.01876   35.03103    0.00678    0.26289    1.41367    1.74493    0.26272    5.08739    1.16211    0.63651   -1.79862    0.64576  273.29529  281.10575  733.10793  280.00000    0.00000    0.00000    0.00000    0.00000    0.00000    0.00000
       4725        324    2.00000   20.00000    4.00000   34.00000   35.50000   34.75000 2257.49117 2110.67564 2368.95950 2392.25869 2388.23250 2399.61149    1.08595    0.31168    2.49995   12.40701    0.01875   35.03103    0.00678    0.26290    1.41381    1.74495    0.26272    5.08744    1.16222    0.63639   -1.79862    0.64583  273.28761  281.10723  732.57527  280.00000    0.00000    0.00000    0.00000    0.00000    0.00000    0.00000
       4775        324    2.00000   20.00000    4.00000   34.00000   35.50000   34.75000 2257.48713 2110.67653 2368.88847 2392.25801 2388.23250 2399.61150    1.08582    0.31168    2.49995   12.40491    0.01875   35.03104    0.00678    0.26290    1.41394    1.74497    0.26272    5.08749    1.16233    0.63629   -1.79862    0.64589  273.28017  281.10858  732.05524  280.00000    0.00000    0.00000    0.00000    0.00000    0.00000    0.00000
       4825        324    2.00000   20.00000    4.00000   34.00000   35.50000   34.75000 2257.48323 2110.67734 2368.81906 2392.25737 2388.23250 2399.61150    1.08569    0.31168    2.49995   12.40297    0.01875   35.03104    0.00678    0.26290    1.41406    1.74499    0.26272    5.08754    1.16243    0.63619   -1.79862    0.64594  273.27296  281.10982  731.54754  280.00000    0.00000    0.00000    0.00000    0.00000    0.00000    0.00000
       4875        324    2.00000   20.00000    4.00000   34.00000   35.50000   34.75000 2257.47946 2110.67808 2368.75125 2392.25679 2388.23250 2399.61150    1.08558    0.31168    2.49995   12.40116    0.01875   35.03105    0.00678    0.26290    1.41418    1.74500    0.26272    5.08758    1.16252    0.63609   -1.79862    0.64600  273.26598  281.11096  731.05186  280.00000    0.00000    0.00000    0.00000    0.00000    0.00000    0.00000
       4925        324    2.00000   20.00000    4.00000   34.00000   35.50000   34.75000 2257.47583 2110.67876 2368.68498 2392.25624 2388.23250 2399.61150    1.08548    0.31168    2.49995   12.39949    0.01874   35.03105    0.00678    0.26290    1.41428    1.74502    0.26272    5.08762    1.16261    0.63601   -1.79862    0.64604  273.25921  281.11199  730.56788  280.00000    0.00000    0.00000    0.00000    0.00000    0.00000    0.00000
       4975        324    2.00000   20.00000    4.00000   34.00000   35.50000   34.75000 2257.47233 2110.67938 2368.62024 2392.25574 2388.23250 2399.61150    1.08538    0.31168    2.49995   12.39793    0.01874   35.03105    0.00678    0.26290    1.41438    1.74503    0.26273    5.08765    1.16269    0.63593   -1.79862    0.64609  273.25265  281.11293  730.09533  280.00000    0.00000    0.00000    0.00000    0.00000    0.00000    0.00000
       5025        324    2.00000   20.00000    4.00000   34.00000   35.50000   34.75000 2257.46894 2110.67995 2368.55698 2392.25527 2388.23250 2399.61150    1.08529    0.31168    2.49995   12.39649    0.01874   35.03106    0.00678    0.26290    1.41447    1.74504    0.26273    5.08769    1.16276    0.63585   -1.79862    0.64613  273.24628  281.11379  729.63391  280.00000    0.00000    0.00000    0.00000    0.00000    0.00000    0.00000
       5075        324    2.00000   20.00000    4.00000   34.00000   35.50000   34.75000 2257.46566 2110.68046 2368.49517 2392.25483 2388.23250 2399.61150    1.08521    0.31168    2.49995   12.39515    0.01874   35.03106    0.00678    0.26291    1.41455    1.74505    0.26273    5.08772    1.16283    0.63579   -1.79862    0.64617  273.24011  281.11457  729.18336  280.00000    0.00000    0.00000    0.00000    0.00000    0.00000    0.00000
       5125        324    2.00000   20.00000    4.00000   34.00000   35.50000   34.75000 2257.46250 2110.68092 2368.43477 2392.25443 2388.23250 2399.61151    1.08513    0.31168    2.49995   12.39391    0.01873   35.03106    0.00678    0.26291    1.41463    1.74506    0.26273    5.08775    1.16289    0.63572   -1.79862    0.64620  273.23411  281.11528  728.74340  280.00000    0.00000    0.00000    0.00000    0.00000    0.00000    0.00000
       5175        324    2.00000   20.00000    4.00000   34.00000   35.50000   34.75000 2257.45943 2110.68135 2368.37575 2392.25405 2388.23250 2399.61151    1.08506    0.31168    2.49995   12.39275    0.01873   35.03107    0.00678    0.26291    1.41470    1.74507    0.26273    5.08778    1.16295    0.63566   -1.79862    0.64624  273.22829  281.11593  728.31377  280.00000    0.00000    0.00000    0.00000    0.00000    0.00000    0.00000
       5225        324    2.00000   20.00000    4.00000   34.00000   35.50000   34.75000 2257.45647 2110.68173 2368.31807 2392.25371 2388.23250 2399.61151    1.08499    0.31168    2.49995   12.39168    0.01873   35.03107    0.00678    0.26291    1.41477    1.74508    0.26273    5.08780    1.16301    0.63561   -1.79861    0.64627  273.22263  281.11651  727.89422  280.00000    0.00000    0.00000    0.00000    0.00000    0.00000    0.00000
       5275        324    2.00000   20.00000    4.00000   34.00000   35.50000   34.75000 2257.45360 2110.68208 2368.26172 2392.25338 2388.23250 2399.61151    1.08493    0.31168    2.49995   12.39069    0.01873   35.03107    0.00678    0.26291    1.41483    1.74509    0.26273    5.08782    1.16306    0.63556   -1.79861    0.64629  273.21714  281.11704  727.48450  280.00000    0.00000    0.00000    0.00000    0.00000    0.00000    0.00000
       5325        324    2.00000   20.00000    4.00000   34.00000   35.50000   34.75000 2257.45082 2110.68239 2368.20665 2392.25308 2388.23250 2399.61151    1.08487    0.31168    2.49995   12.38977    0.01873   35.03107    0.00678    0.26291    1.41489    1.74510    0.26273    5.08785    1.16311    0.63551   -1.79861    0.64632  273.21180  281.11751  727.08437  280.00000    0.00000    0.00000    0.00000    0.00000    0.00000    0.00000
       5375        324    2.00000   20.00000    4.00000   34.00000   35.50000   34.75000 2257.44812 2110.68267 2368.15283 2392.25281 2388.23250 2399.61151    1.08482    0.31168    2.49995   12.38891    0.01873   35.03108    0.00678    0.26291    1.41494    1.74511    0.26273    5.08787    1.16315    0.63547   -1.79861    0.64635  273.20662  281.11794  726.69360  280.00000    0.00000    0.00000    0.00000    0.00000    0.00000    0.00000
       5425        324    2.00000   20.00000    4.00000   34.00000   35.50000   34.75000 2257.44551 2110.68292 2368.10025 2392.25255 2388.23250 2399.61151    1.08477    0.31168    2.49995   12.38812    0.01873   35.03108    0.00678    0.26291    1.41499    1.74511    0.26273    5.08789    1.16319    0.63542   -1.79861    0.64637  273.20157  281.11832  726.31196  280.00000    0.00000    0.00000    0.00000    0.00000    0.00000    0.00000
       5475        324    2.00000   20.00000    4.00000   34.00000   35.50000   34.75000 2257.44298 2110.68314 2368.04886 2392.25231 2388.23249 2399.61151    1.08472    0.31168    2.49995   12.38738    0.01872   35.03108    0.00678    0.26291    1.41504    1.74512    0.26273    5.08790    1.16323    0.63539   -1.79861    0.64639  273.19667  281.11866  725.93923  280.00000    0.00000    0.00000    0.00000    0.00000    0.00000    0.00000
       5525        324    2.00000   20.00000    4.00000   34.00000   35.50000   34.75000 2257.44052 2110.68334 2367.99864 2392.25209 2388.23249 2399.61151    1.08468    0.31168    2.49995   12.38670    0.01872   35.03108    0.00678    0.26291    1.41508    1.74512    0.26273    5.08792    1.16326    0.63535   -1.79861    0.64641  273.19189  281.11897  725.57520  280.00000    0.00000    0.00000    0.00000    0.00000    0.00000    0.00000
       5575        324    2.00000   20.00000    4.00000   34.00000   35.50000   34.75000 2257.43814 2110.68352 2367.94957 2392.25188 2388.23249 2399.61151    1.08464    0.31168    2.49995   12.38606    0.01872   35.03108    0.00678    0.26291    1.41512    1.74513    0.26274    5.08793    1.16329    0.63532   -1.79861    0.64643  273.18725  281.11924  725.21964  280.00000    0.00000    0.00000    0.00000    0.00000    0.00000    0.00000
       5625        324    2.00000   20.00000    4.00000   34.00000   35.50000   34.75000 2257.43583 2110.68368 2367.90161 2392.25169 2388.23249 2399.61151    1.08460    0.31168    2.49995   12.38547    0.01872   35.03109    0.00678    0.26291    1.41516    1.74514    0.26274    5.08795    1.16332    0.63529   -1.79861    0.64644  273.18273  281.11948  724.87237  280.00000    0.00000    0.00000    0.00000    0.00000    0.00000    0.00000
       5675        324    2.00000   20.00000    4.00000   34.00000   35.50000   34.75000 2257.43358 2110.68381 2367.85474 2392.25151 2388.23249 2399.61151    1.08457    0.31168    2.49995   12.38493    0.01872   35.03109    0.00679    0.26291    1.41519    1.74514    0.26274    5.08796    1.16335    0.63526   -1.79861    0.64646  273.17834  281.11969  724.53317  280.00000    0.00000    0.00000    0.00000    0.00000    0.00000    0.00000
       5725        324    2.00000   20.00000    4.00000   34.00000   35.50000   34.75000 2257.43140 2110.68393 2367.80894 2392.25135 2388.23249 2399.61151    1.08453    0.31168    2.49995   12.38442    0.01872   35.03109    0.00679    0.26291    1.41522    1.74514    0.26274    5.08797    1.16338    0.63524   -1.79861    0.64647  273.17406  281.11987  724.20186  280.00000    0.00000    0.00000    0.00000    0.00000    0.00000    0.00000
       5775        324    2.00000   20.00000    4.00000   34.00000   35.50000   34.75000 2257.42928 2110.68404 2367.76419 2392.25119 2388.23249 2399.61151    1.08451    0.31168    2.49995   12.38395    0.01872   35.03109    0.00679    0.26291    1.41525    1.74515    0.26274    5.08798    1.16340    0.63521   -1.79861    0.64649  273.16989  281.12003  723.87824  280.00000    0.00000    0.00000    0.00000    0.00000    0.00000    0.00000
       5825        324    2.00000   20.00000    4.00000   34.00000   35.50000   34.75000 2257.42722 2110.68413 2367.72045 2392.25105 2388.23249 2399.61151    1.08448    0.31168    2.49995   12.38351    0.01872   35.03109    0.00679    0.26292    1.41528    1.74515    0.26274    5.08799    1.16342    0.63519   -1.79861    0.64650  273.16583  281.12016  723.56214  280.00000    0.00000    0.00000    0.00000    0.00000    0.00000    0.00000
       5875        324    2.00000   20.00000    4.00000   34.00000   35.50000   34.75000 2257.42522 2110.68420 2367.67770 2392.25092 2388.23249 2399.61151    1.08445    0.31168    2.49995   12.38311    0.01872   35.03109    0.00679    0.26292    1.41530    1.74516    0.26274    5.08800    1.16345    0.63517   -1.79861    0.64651  273.16188  281.12028  723.25337  280.00000    0.00000    0.00000    0.00000    0.00000    0.00000    0.00000
       5925        324    2.00000   20.00000    4.00000   34.00000   35.50000   34.75000 2257.42327 2110.68426 2367.63593 2392.25080 2388.23249 2399.61151    1.08443    0.31168    2.49995   12.38273    0.01872   35.03109    0.00679    0.26292    1.41533    1.74516    0.26274    5.08801    1.16346    0.63515   -1.79861    0.64652  273.15802  281.12037  722.95175  280.00000    0.00000    0.00000    0.00000    0.00000    0.00000    0.00000
       5975        324    2.00000   20.00000    4.00000   34.00000   35.50000   34.75000 2257.42138 2110.68432 2367.59510 2392.25068 2388.23249 2399.61151    1.08441    0.31168    2.49995   12.38238    0.01872   35.03109    0.00679    0.26292    1.41535    1.74516    0.26274    5.08802    1.16348    0.63513   -1.79861    0.64653  273.15427  281.12045  722.65712  280.00000    0.00000    0.00000    0.00000    0.00000    0.00000    0.00000
       6025        324    2.00000   20.00000    4.00000   34.00000   35.50000   34.75000 2257.41954 2110.68436 2367.55520 2392.25058 2388.23249 2399.61151    1.08439    0.31168    2.49995   12.38206    0.01872   35.03109    0.00679    0.26292    1.41537    1.74516    0.26274    5.08803    1.16350    0.63511   -1.79861    0.64654  273.15061  281.12051  722.36931  280.00000    0.00000    0.00000    0.00000    0.00000    0.00000    0.00000
       6075        324    2.00000   20.00000    4.00000   34.00000   35.50000   34.75000 2257.41775 2110.68439 2367.51621 2392.25048 2388.23249 2399.61151    1.08437    0.31168    2.49995   12.38176    0.01872   35.03109    0.00679    0.26292    1.41539    1.74517    0.26274    5.08803    1.16351    0.63510   -1.79861    0.64655  273.14705  281.12056  722.08816  280.00000    0.00000    0.00000    0.00000    0.00000    0.00000    0.00000
       6125        324    2.00000   20.00000    4.00000   34.00000   35.50000   34.75000 2257.41601 2110.68441 2367.47811 2392.25039 2388.23249 2399.61152    1.08435    0.31168    2.49995   12.38148    0.01872   35.03109    0.00679    0.26292    1.41541    1.74517    0.26274    5.08804    1.16353    0.63508   -1.79861    0.64656  273.14358  281.12060  721.81351  280.00000    0.00000    0.00000    0.00000    0.00000    0.00000    0.00000
       6175        324    2.00000   20.00000    4.00000   34.00000   35.50000   34.75000 2257.41431 2110.68443 2367.44087 2392.25031 2388.23249 2399.61152    1.08433    0.31168    2.49995   12.38122    0.01872   35.03110    0.00679    0.26292    1.41542    1.74517    0.26274    5.08805    1.16354    0.63507   -1.79861    0.64656  273.14019  281.12062  721.54520  280.00000    0.00000    0.00000    0.00000    0.00000    0.00000    0.00000
       6225        324    2.00000   20.00000    4.00000   34.00000   35.50000   34.75000 2257.41266 2110.68443 2367.40447 2392.25023 2388.23249 2399.61152    1.08432    0.31168    2.49995   12.38098    0.01872   35.03110    0.00679    0.26292    1.41544    1.74517    0.26274    5.08805    1.16355    0.63506   -1.79861    0.64657  273.13689  281.12063  721.28309  280.00000    0.00000    0.00000    0.00000    0.00000    0.00000    0.00000
       6275        324    2.00000   20.00000    4.00000   34.00000   35.50000   34.75000 2257.41105 2110.68444 2367.36890 2392.25016 2388.23249 2399.61152    1.08431    0.31168    2.49995   12.38076    0.01871   35.03110    0.00679    0.26292    1.41545    1.74518    0.26274    5.08806    1.16357    0.63505   -1.79861    0.64658  273.13367  281.12063  721.02703  280.00000    0.00000    0.00000    0.00000    0.00000    0.00000    0.00000
       6325        324    2.00000   20.00000    4.00000   34.00000   35.50000   34.75000 2257.40949 2110.68443 2367.33414 2392.25009 2388.23249 2399.61152    1.08429    0.31168    2.49995   12.38055    0.01871   35.03110    0.00679    0.26292    1.41546    1.74518    0.26274    5.08806    1.16358    0.63504   -1.79861    0.64658  273.13053  281.12063  720.77688  280.00000    0.00000    0.00000    0.00000    0.00000    0.00000    0.00000
       6375        324    2.00000   20.00000    4.00000   34.00000   35.50000   34.75000 2257.40796 2110.68442 2367.30017 2392.25003 2388.23249 2399.61152    1.08428    0.31168    2.49995   12.38036    0.01871   35.03110    0.00679    0.26292    1.41548    1.74518    0.26274    5.08807    1.16359    0.63503   -1.79861    0.64659  273.12746  281.12061  720.53249  280.00000    0.00000    0.00000    0.00000    0.00000    0.00000    0.00000
       6425        324    2.00000   20.00000    4.00000   34.00000   35.50000   34.75000 2257.40648 2110.68441 2367.26696 2392.24997 2388.23249 2399.61152    1.08427    0.31168    2.49995   12.38018    0.01871   35.03110    0.00679    0.26292    1.41549    1.74518    0.26274    5.08807    1.16360    0.63502   -1.79861    0.64659  273.12448  281.12059  720.29374  280.00000    0.00000    0.00000    0.00000    0.00000    0.00000    0.00000
       6475        324    2.00000   20.00000    4.00000   34.00000   35.50000   34.75000 2257.40503 2110.68439 2367.23451 2392.24991 2388.23249 2399.61152    1.08426    0.31168    2.49995   12.38001    0.01871   35.03110    0.00679    0.26292    1.41550    1.74518    0.26274    5.08808    1.16360    0.63501   -1.79861    0.64660  273.12156  281.12056  720.06048  280.00000    0.00000    0.00000    0.00000    0.00000    0.00000    0.00000
       6525        324    2.00000   20.00000    4.00000   34.00000   35.50000   34.75000 2257.40362 2110.68436 2367.20280 2392.24986 2388.23249 2399.61152    1.08425    0.31168    2.49995   12.37986    0.01871   35.03110    0.00679    0.26292    1.41551    1.74518    0.26274    5.08808    1.16361    0.63500   -1.79861    0.64660  273.11872  281.12052  719.83260  280.00000    0.00000    0.00000    0.00000    0.00000    0.00000    0.00000
       6575        324    2.00000   20.00000    4.00000   34.00000   35.50000   34.75000 2257.40224 2110.68434 2367.17181 2392.24982 2388.23249 2399.61152    1.08424    0.31168    2.49995   12.37972    0.01871   35.03110    0.00679    0.26292    1.41552    1.74518    0.26274    5.08808    1.16362    0.63499   -1.79861    0.64661  273.11594  281.12048  719.60996  280.00000    0.00000    0.00000    0.00000    0.00000    0.00000    0.00000
       6625        324    2.00000   20.00000    4.00000   34.00000   35.50000   34.75000 2257.40090 2110.68431 2367.14151 2392.24977 2388.23249 2399.61152    1.08423    0.31168    2.49995   12.37959    0.01871   35.03110    0.00679    0.26292    1.41552    1.74519    0.26274    5.08809    1.16363    0.63499   -1.79861    0.64661  273.11324  281.12044  719.39244  280.00000    0.00000    0.00000    0.00000    0.00000    0.00000    0.00000
       6675        324    2.00000   20.00000    4.00000   34.00000   35.50000   34.75000 2257.39959 2110.68427 2367.11191 2392.24974 2388.23249 2399.61152    1.08423    0.31168    2.49995   12.37946    0.01871   35.03110    0.00679    0.26292    1.41553    1.74519    0.26274    5.08809    1.16363    0.63498   -1.79861    0.64662  273.11059  281.12039  719.17992  280.00000    0.00000    0.00000    0.00000    0.00000    0.00000    0.00000
       6725        324    2.00000   20.00000    4.00000   34.00000   35.50000   34.75000 2257.39832 2110.68424 2367.08297 2392.24970 2388.23249 2399.61152    1.08422    0.31168    2.49995   12.37935    0.01871   35.03110    0.00679    0.26292    1.41554    1.74519    0.26274    5.08809    1.16364    0.63497   -1.79861    0.64662  273.10802  281.12033  718.97228  280.00000    0.00000    0.00000    0.00000    0.00000    0.00000    0.00000
       6775        324    2.00000   20.00000    4.00000   34.00000   35.50000   34.75000 2257.39708 2110.68420 2367.05470 2392.24966 2388.23249 2399.61152    1.08421    0.31168    2.49995   12.37924    0.01871   35.03110    0.00679    0.26292    1.41555    1.74519    0.26274    5.08809    1.16364    0.63497   -1.79861    0.64662  273.10550  281.12028  718.76941  280.00000    0.00000    0.00000    0.00000    0.00000    0.00000    0.00000
       6825        324    2.00000   20.00000    4.00000   34.00000   35.50000   34.75000 2257.39587 2110.68416 2367.02706 2392.24963 2388.23249 2399.61152    1.08421    0.31168    2.49995   12.37915    0.01871   35.03110    0.00679    0.26292    1.41555    1.74519    0.26274    5.08810    1.16365    0.63496   -1.79861    0.64662  273.10304  281.12022  718.57121  280.00000    0.00000    0.00000    0.00000    0.00000    0.00000    0.00000
       6875        324    2.00000   20.00000    4.00000   34.00000   35.50000   34.75000 2257.39469 2110.68412 2367.00005 2392.24960 2388.23249 2399.61152    1.08420    0.31168    2.49995   12.37906    0.01871   35.03110    0.00679    0.26292    1.41556    1.74519    0.26274    5.08810    1.16365    0.63496   -1.79861    0.64663  273.10065  281.12015  718.37755  280.00000    0.00000    0.00000    0.00000    0.00000    0.00000    0.00000
       6925        324    2.00000   20.00000    4.00000   34.00000   35.50000   34.75000 2257.39353 2110.68408 2366.97365 2392.24957 2388.23249 2399.61152    1.08419    0.31168    2.49995   12.37897    0.01871   35.03110    0.00679    0.26292    1.41556    1.74519    0.26274    5.08810    1.16366    0.63496   -1.79861    0.64663  273.09831  281.12009  718.18834  280.00000    0.00000    0.00000    0.00000    0.00000    0.00000    0.00000
       6975        324    2.00000   20.00000    4.00000   34.00000   35.50000   34.75000 2257.39241 2110.68403 2366.94785 2392.24955 2388.23249 2399.61152    1.08419    0.31168    2.49995   12.37889    0.01871   35.03110    0.00679    0.26292    1.41557    1.74519    0.26274    5.08810    1.16366    0.63495   -1.79861    0.64663  273.09602  281.12002  718.00346  280.00000    0.00000    0.00000    0.00000    0.00000    0.00000    0.00000
       7025        324    2.00000   20.00000    4.00000   34.00000   35.50000   34.75000 2257.39131 2110.68399 2366.92263 2392.24953 2388.23249 2399.61152    1.08418    0.31168    2.49995   12.37882    0.01871   35.03110    0.00679    0.26292    1.41557    1.74519    0.26274    5.08810    1.16366    0.63495   -1.79861    0.64663  273.09379  281.11995  717.82283  280.00000    0.00000    0.00000    0.00000    0.00000    0.00000    0.00000
       7075        324    2.00000   20.00000    4.00000   34.00000   35.50000   34.75000 2257.39024 2110.68394 2366.89799 2392.24950 2388.23249 2399.61152    1.08418    0.31168    2.49995   12.37875    0.01871   35.03110    0.00679    0.26292    1.41558    1.74519    0.26274    5.08811    1.16367    0.63494   -1.79861    0.64664  273.09161  281.11988  717.64633  280.00000    0.00000    0.00000    0.00000    0.00000    0.00000    0.00000
       7125        324    2.00000   20.00000    4.00000   34.00000   35.50000   34.75000 2257.38920 2110.68390 2366.87390 2392.24948 2388.23249 2399.61152    1.08418    0.31168    2.49995   12.37869    0.01871   35.03110    0.00679    0.26292    1.41558    1.74519    0.26274    5.08811    1.16367    0.63494   -1.79861    0.64664  273.08949  281.11981  717.47388  280.00000    0.00000    0.00000    0.00000    0.00000    0.00000    0.00000
       7175        324    2.00000   20.00000    4.00000   34.00000   35.50000   34.75000 2257.38818 2110.68385 2366.85036 2392.24946 2388.23249 2399.61152    1.08417    0.31168    2.49995   12.37863    0.01871   35.03110    0.00679    0.26292    1.41558    1.74519    0.26274    5.08811    1.16367    0.63494   -1.79861    0.64664  273.08741  281.11974  717.30538  280.00000    0.00000    0.00000    0.00000    0.00000    0.00000    0.00000
       7225        324    2.00000   20.00000    4.00000   34.00000   35.50000   34.75000 2257.38718 2110.68380 2366.82735 2392.24945 2388.23249 2399.61152    1.08417    0.31168    2.49995   12.37858    0.01871   35.03110    0.00679    0.26292    1.41559    1.74519    0.26274    5.08811    1.16368    0.63494   -1.79861    0.64664  273.08538  281.11967  717.14074  280.00000    0.00000    0.00000    0.00000    0.00000    0.00000    0.00000
       7275        324    2.00000   20.00000    4.00000   34.00000   35.50000   34.75000 2257.38621 2110.68375 2366.80486 2392.24943 2388.23249 2399.61152    1.08417    0.31168    2.49995   12.37853    0.01871   35.03110    0.00679    0.26292    1.41559    1.74519    0.26274    5.08811    1.16368    0.63493   -1.79861    0.64664  273.08340  281.11960  716.97987  280.00000    0.00000    0.00000    0.00000    0.00000    0.00000    0.00000
       7325        324    2.00000   20.00000    4.00000   34.00000   35.50000   34.75000 2257.38527 2110.68371 2366.78289 2392.24942 2388.23249 2399.61152    1.08416    0.31168    2.49995   12.37848    0.01871   35.03110    0.00679    0.26292    1.41559    1.74519    0.26274    5.08811    1.16368    0.63493   -1.79861    0.64664  273.08147  281.11952  716.82268  280.00000    0.00000    0.00000    0.00000    0.00000    0.00000    0.00000
       7375        324    2.00000   20.00000    4.00000   34.00000   35.50000   34.75000 2257.38434 2110.68366 2366.76141 2392.24940 2388.23249 2399.61152    1.08416    0.31168    2.49995   12.37844    0.01871   35.03110    0.00679    0.26292    1.41560    1.74519    0.26274    5.08811    1.16368    0.63493   -1.79861    0.64664  273.07958  281.11945  716.66908  280.00000    0.00000    0.00000    0.00000    0.00000    0.00000    0.00000
       7425        324    2.00000   20.00000    4.00000   34.00000   35.50000   34.75000 2257.38344 2110.68361 2366.74041 2392.24939 2388.23249 2399.61152    1.08416    0.31168    2.49995   12.37840    0.01871   35.03110    0.00679    0.26292    1.41560    1.74520    0.26274    5.08811    1.16369    0.63493   -1.79861    0.64665  273.07773  281.11938  716.51900  280.00000    0.00000    0.00000    0.00000    0.00000    0.00000    0.00000
       7475        324    2.00000   20.00000    4.00000   34.00000   35.50000   34.75000 2257.38256 2110.68356 2366.71990 2392.24938 2388.23249 2399.61152    1.08416    0.31168    2.49995   12.37836    0.01871   35.03110    0.00679    0.26292    1.41560    1.74520    0.26274    5.08811    1.16369    0.63492   -1.79861    0.64665  273.07593  281.11930  716.37235  280.00000    0.00000    0.00000    0.00000    0.00000    0.00000    0.00000
       7525        324    2.00000   20.00000    4.00000   34.00000   35.50000   34.75000 2257.38170 2110.68351 2366.69984 2392.24937 2388.23249 2399.61152    1.08415    0.31168    2.49995   12.37833    0.01871   35.03110    0.00679    0.26292    1.41560    1.74520    0.26274    5.08812    1.16369    0.63492   -1.79861    0.64665  273.07417  281.11923  716.22905  280.00000    0.00000    0.00000    0.00000    0.00000    0.00000    0.00000
       7575        324    2.00000   20.00000    4.00000   34.00000   35.50000   34.75000 2257.38086 2110.68346 2366.68024 2392.24936 2388.23249 2399.61152    1.08415    0.31168    2.49995   12.37829    0.01871   35.03110    0.00679    0.26292    1.41561    1.74520    0.26274    5.08812    1.16369    0.63492   -1.79861    0.64665  273.07245  281.11915  716.08903  280.00000    0.00000    0.00000    0.00000    0.00000    0.00000    0.00000
       7625        324    2.00000   20.00000    4.00000   34.00000   35.50000   34.75000 2257.38004 2110.68342 2366.66109 2392.24935 2388.23249 2399.61152    1.08415    0.31168    2.49995   12.37827    0.01871   35.03110    0.00679    0.26292    1.41561    1.74520    0.26274    5.08812    1.16369    0.63492   -1.79861    0.64665  273.07077  281.11908  715.95221  280.00000    0.00000    0.00000    0.00000    0.00000    0.00000    0.00000
       7675        324    2.00000   20.00000    4.00000   34.00000   35.50000   34.75000 2257.37923 2110.68337 2366.64236 2392.24934 2388.23249 2399.61152    1.08415    0.31168    2.49995   12.37824    0.01871   35.03110    0.00679    0.26292    1.41561    1.74520    0.26274    5.08812    1.16369    0.63492   -1.79861    0.64665  273.06913  281.11901  715.81851  280.00000    0.00000    0.00000    0.00000    0.00000    0.00000    0.00000
       7725        324    2.00000   20.00000    4.00000   34.00000   35.50000   34.75000 2257.37845 2110.68332 2366.62407 2392.24933 2388.23249 2399.61152    1.08415    0.31168    2.49995   12.37821    0.01871   35.03110    0.00679    0.26292    1.41561    1.74520    0.26274    5.08812    1.16370    0.63492   -1.79861    0.64665  273.06753  281.11894  715.68787  280.00000    0.00000    0.00000    0.00000    0.00000    0.00000    0.00000
       7775        324    2.00000   20.00000    4.00000   34.00000   35.50000   34.75000 2257.37769 2110.68327 2366.60618 2392.24932 2388.23249 2399.61152    1.08415    0.31168    2.49995   12.37819    0.01871   35.03110    0.00679    0.26292    1.41561    1.74520    0.26274    5.08812    1.16370    0.63492   -1.79861    0.64665  273.06597  281.11887  715.56020  280.00000    0.00000    0.00000    0.00000    0.00000    0.00000    0.00000
       7825        324    2.00000   20.00000    4.00000   34.00000   35.50000   34.75000 2257.37694 2110.68323 2366.58870 2392.24931 2388.23249 2399.61152    1.08414    0.31168    2.49995   12.37817    0.01871   35.03110    0.00679    0.26292    1.41561    1.74520    0.26274    5.08812    1.16370    0.63491   -1.79861    0.64665  273.06444  281.11880  715.43546  280.00000    0.00000    0.00000    0.00000    0.00000    0.00000    0.00000
       7875        324    2.00000   20.00000    4.00000   34.00000   35.50000   34.75000 2257.37621 2110.68318 2366.57162 2392.24931 2388.23249 2399.61152    1.08414    0.31168    2.49995   12.37815    0.01871   35.03110    0.00679    0.26292    1.41561    1.74520    0.26274    5.08812    1.16370    0.63491   -1.79861    0.64665  273.06294  281.11873  715.31355  280.00000    0.00000    0.00000    0.00000    0.00000    0.00000    0.00000
       7925        324    2.00000   20.00000    4.00000   34.00000   35.50000   34.75000 2257.37550 2110.68314 2366.55492 2392.24930 2388.23249 2399.61152    1.08414    0.31168    2.49995   12.37813    0.01871   35.03110    0.00679    0.26292    1.41562    1.74520    0.26274    5.08812    1.16370    0.63491   -1.79861    0.64665  273.06149  281.11866  715.19444  280.00000    0.00000    0.00000    0.00000    0.00000    0.00000    0.00000
       7975        324    2.00000   20.00000    4.00000   34.00000   35.50000   34.75000 2257.37481 2110.68309 2366.53860 2392.24929 2388.23249 2399.61152    1.08414    0.31168    2.49995   12.37811    0.01871   35.03110    0.00679    0.26292    1.41562    1.74520    0.26274    5.08812    1.16370    0.63491   -1.79861    0.64665  273.06006  281.11859  715.07803  280.00000    0.00000    0.00000    0.00000    0.00000    0.00000    0.00000
       8025        324    2.00000   20.00000    4.00000   34.00000   35.50000   34.75000 2257.37413 2110.68305 2366.52265 2392.24929 2388.23249 2399.61152    1.08414    0.31168    2.49995   12.37809    0.01871   35.03110    0.00679    0.26292    1.41562    1.74520    0.26274    5.08812    1.16370    0.63491   -1.79861    0.64665  273.05867  281.11852  714.96429  280.00000    0.00000    0.00000    0.00000    0.00000    0.00000    0.00000
       8075        324    2.00000   20.00000    4.00000   34.00000   35.50000   34.75000 2257.37347 2110.68300 2366.50707 2392.24928 2388.23249 2399.61152    1.08414    0.31168    2.49995   12.37808    0.01871   35.03110    0.00679    0.26292    1.41562    1.74520    0.26274    5.08812    1.16370    0.63491   -1.79861    0.64665  273.05731  281.11845  714.85313  280.00000    0.00000    0.00000    0.00000    0.00000    0.00000    0.00000
       8125        324    2.00000   20.00000    4.00000   34.00000   35.50000   34.75000 2257.37282 2110.68296 2366.49183 2392.24928 2388.23249 2399.61152    1.08414    0.31168    2.49995   12.37806    0.01871   35.03110    0.00679    0.26292    1.41562    1.74520    0.26274    5.08812    1.16370    0.63491   -1.79861    0.64666  273.05598  281.11839  714.74451  280.00000    0.00000    0.00000    0.00000    0.00000    0.00000    0.00000
       8175        324    2.00000   20.00000    4.00000   34.00000   35.50000   34.75000 2257.37218 2110.68292 2366.47694 2392.24928 2388.23249 2399.61152    1.08414    0.31168    2.49995   12.37805    0.01871   35.03110    0.00679    0.26292    1.41562    1.74520    0.26274    5.08812    1.16370    0.63491   -1.79861    0.64666  273.05468  281.11832  714.63837  280.00000    0.00000    0.00000    0.00000    0.00000    0.00000    0.00000
       8225        324    2.00000   20.00000    4.00000   34.00000   35.50000   34.75000 2257.37157 2110.68288 2366.46239 2392.24927 2388.23249 2399.61152    1.08414    0.31168    2.49995   12.37804    0.01871   35.03110    0.00679    0.26292    1.41562    1.74520    0.26274    5.08812    1.16370    0.63491   -1.79861    0.64666  273.05341  281.11826  714.53465  280.00000    0.00000    0.00000    0.00000    0.00000    0.00000    0.00000
       8275        324    2.00000   20.00000    4.00000   34.00000   35.50000   34.75000 2257.37096 2110.68283 2366.44816 2392.24927 2388.23249 2399.61152    1.08414    0.31168    2.49995   12.37803    0.01871   35.03110    0.00679    0.26292    1.41562    1.74520    0.26274    5.08812    1.16370    0.63491   -1.79861    0.64666  273.05217  281.11820  714.43328  280.00000    0.00000    0.00000    0.00000    0.00000    0.00000    0.00000
       8325        324    2.00000   20.00000    4.00000   34.00000   35.50000   34.75000 2257.37037 2110.68279 2366.43426 2392.24926 2388.23249 2399.61152    1.08413    0.31168    2.49995   12.37802    0.01871   35.03110    0.00679    0.26292    1.41562    1.74520    0.26274    5.08812    1.16371    0.63491   -1.79861    0.64666  273.05096  281.11813  714.33423  280.00000    0.00000    0.00000    0.00000    0.00000    0.00000    0.00000
       8375        324    2.00000   20.00000    4.00000   34.00000   35.50000   34.75000 2257.36980 2110.68275 2366.42067 2392.24926 2388.23249 2399.61152    1.08413    0.31168    2.49995   12.37801    0.01871   35.03110    0.00679    0.26292    1.41562    1.74520    0.26274    5.08812    1.16371    0.63491   -1.79861    0.64666  273.04977  281.11807  714.23744  280.00000    0.00000    0.00000    0.00000    0.00000    0.00000    0.00000
       8425        324    2.00000   20.00000    4.00000   34.00000   35.50000   34.75000 2257.36923 2110.68271 2366.40739 2392.24926 2388.23249 2399.61152    1.08413    0.31168    2.49995   12.37800    0.01871   35.03110    0.00679    0.26292    1.41562    1.74520    0.26274    5.08812    1.16371    0.63491   -1.79861    0.64666  273.04862  281.11801  714.14285  280.00000    0.00000    0.00000    0.00000    0.00000    0.00000    0.00000
       8475        324    2.00000   20.00000    4.00000   34.00000   35.50000   34.75000 2257.36868 2110.68268 2366.39441 2392.24926 2388.23249 2399.61152    1.08413    0.31168    2.49995   12.37799    0.01871   35.03110    0.00679    0.26292    1.41562    1.74520    0.26274    5.08812    1.16371    0.63491   -1.79861    0.64666  273.04748  281.11795  714.05041  280.00000    0.00000    0.00000    0.00000    0.00000    0.00000    0.00000
       8525        324    2.00000   20.00000    4.00000   34.00000   35.50000   34.75000 2257.36815 2110.68264 2366.38172 2392.24925 2388.23249 2399.61152    1.08413    0.31168    2.49995   12.37798    0.01871   35.03110    0.00679    0.26292    1.41563    1.74520    0.26274    5.08812    1.16371    0.63490   -1.79861    0.64666  273.04638  281.11790  713.96008  280.00000    0.00000    0.00000    0.00000    0.00000    0.00000    0.00000
       8575        324    2.00000   20.00000    4.00000   34.00000   35.50000   34.75000 2257.36762 2110.68260 2366.36933 2392.24925 2388.23249 2399.61152    1.08413    0.31168    2.49995   12.37798    0.01871   35.03110    0.00679    0.26292    1.41563    1.74520    0.26274    5.08812    1.16371    0.63490   -1.79861    0.64666  273.04530  281.11784  713.87180  280.00000    0.00000    0.00000    0.00000    0.00000    0.00000    0.00000
       8625        324    2.00000   20.00000    4.00000   34.00000   35.50000   34.75000 2257.36711 2110.68256 2366.35721 2392.24925 2388.23249 2399.61152    1.08413    0.31168    2.49995   12.37797    0.01871   35.03110    0.00679    0.26292    1.41563    1.74520    0.26274    5.08812    1.16371    0.63490   -1.79861    0.64666  273.04425  281.11778  713.78553  280.00000    0.00000    0.00000    0.00000    0.00000    0.00000    0.00000
       8675        324    2.00000   20.00000    4.00000   34.00000   35.50000   34.75000 2257.36661 2110.68253 2366.34536 2392.24925 2388.23249 2399.61152    1.08413    0.31168    2.49995   12.37796    0.01871   35.03110    0.00679    0.26292    1.41563    1.74520    0.26274    5.08812    1.16371    0.63490   -1.79861    0.64666  273.04322  281.11773  713.70123  280.00000    0.00000    0.00000    0.00000    0.00000    0.00000    0.00000
       8725        324    2.00000   20.00000    4.00000   34.00000   35.50000   34.75000 2257.36612 2110.68249 2366.33379 2392.24925 2388.23249 2399.61152    1.08413    0.31168    2.49995   12.37796    0.01871   35.03110    0.00679    0.26292    1.41563    1.74520    0.26274    5.08812    1.16371    0.63490   -1.79861    0.64666  273.04221  281.11767  713.61884  280.00000    0.00000    0.00000    0.00000    0.00000    0.00000    0.00000
       8775        324    2.00000   20.00000    4.00000   34.00000   35.50000   34.75000 2257.36564 2110.68246 2366.32247 2392.24924 2388.23249 2399.61152    1.08413    0.31168    2.49995   12.37795    0.01871   35.03110    0.00679    0.26292    1.41563    1.74520    0.26274    5.08812    1.16371    0.63490   -1.79861    0.64666  273.04122  281.11762  713.53833  280.00000    0.00000    0.00000    0.00000    0.00000    0.00000    0.00000
       8825        324    2.00000   20.00000    4.00000   34.00000   35.50000   34.75000 2257.36517 2110.68242 2366.31141 2392.24924 2388.23249 2399.61152    1.08413    0.31168    2.49995   12.37795    0.01871   35.03110    0.00679    0.26292    1.41563    1.74520    0.26274    5.08812    1.16371    0.63490   -1.79861    0.64666  273.04026  281.11757  713.45965  280.00000    0.00000    0.00000    0.00000    0.00000    0.00000    0.00000
       8875        324    2.00000   20.00000    4.00000   34.00000   35.50000   34.75000 2257.36472 2110.68239 2366.30061 2392.24924 2388.23249 2399.61152    1.08413    0.31168    2.49995   12.37794    0.01871   35.03110    0.00679    0.26292    1.41563    1.74520    0.26274    5.08812    1.16371    0.63490   -1.79861    0.64666  273.03932  281.11752  713.38276  280.00000    0.00000    0.00000    0.00000    0.00000    0.00000    0.00000
       8925        324    2.00000   20.00000    4.00000   34.00000   35.50000   34.75000 2257.36427 2110.68236 2366.29004 2392.24924 2388.23249 2399.61152    1.08413    0.31168    2.49995   12.37794    0.01871   35.03110    0.00679    0.26292    1.41563    1.74520    0.26274    5.08812    1.16371    0.63490   -1.79861    0.64666  273.03840  281.11747  713.30762  280.00000    0.00000    0.00000    0.00000    0.00000    0.00000    0.00000
       8975        324    2.00000   20.00000    4.00000   34.00000   35.50000   34.75000 2257.36383 2110.68232 2366.27972 2392.24924 2388.23249 2399.61152    1.08413    0.31168    2.49995   12.37793    0.01871   35.03110    0.00679    0.26292    1.41563    1.74520    0.26274    5.08812    1.16371    0.63490   -1.79861    0.64666  273.03751  281.11742  713.23419  280.00000    0.00000    0.00000    0.00000    0.00000    0.00000    0.00000
       9025        324    2.00000   20.00000    4.00000   34.00000   35.50000   34.75000 2257.36341 2110.68229 2366.26963 2392.24924 2388.23249 2399.61152    1.08413    0.31168    2.49995   12.37793    0.01871   35.03110    0.00679    0.26292    1.41563    1.74520    0.26274    5.08812    1.16371    0.63490   -1.79861    0.64666  273.03663  281.11737  713.16242  280.00000    0.00000    0.00000    0.00000    0.00000    0.00000    0.00000
       9075        324    2.00000   20.00000    4.00000   34.00000   35.50000   34.75000 2257.36299 2110.68226 2366.25976 2392.24924 2388.23249 2399.61152    1.08413    0.31168    2.49995   12.37793    0.01871   35.03110    0.00679    0.26292    1.41563    1.74520    0.26274    5.08812    1.16371    0.63490   -1.79861    0.64666  273.03577  281.11732  713.09229  280.00000    0.00000    0.00000    0.00000    0.00000    0.00000    0.00000
       9125        324    2.00000   20.00000    4.00000   34.00000   35.50000   34.75000 2257.36258 2110.68223 2366.25012 2392.24923 2388.23249 2399.61152    1.08413    0.31168    2.49995   12.37792    0.01871   35.03110    0.00679    0.26292    1.41563    1.74520    0.26274    5.08812    1.16371    0.63490   -1.79861    0.64666  273.03493  281.11728  713.02375  280.00000    0.00000    0.00000    0.00000    0.00000    0.00000    0.00000
       9175        324    2.00000   20.00000    4.00000   34.00000   35.50000   34.75000 2257.36219 2110.68220 2366.24070 2392.24923 2388.23249 2399.61152    1.08413    0.31168    2.49995   12.37792    0.01871   35.03110    0.00679    0.26292    1.41563    1.74520    0.26274    5.08812    1.16371    0.63490   -1.79861    0.64666  273.03412  281.11723  712.95677  280.00000    0.00000    0.00000    0.00000    0.00000    0.00000    0.00000
       9225        324    2.00000   20.00000    4.00000   34.00000   35.50000   34.75000 2257.36180 2110.68217 2366.23150 2392.24923 2388.23249 2399.61152    1.08413    0.31168    2.49995   12.37792    0.01871   35.03110    0.00679    0.26292    1.41563    1.74520    0.26274    5.08812    1.16371    0.63490   -1.79861    0.64666  273.03332  281.11719  712.89132  280.00000    0.00000    0.00000    0.00000    0.00000    0.00000    0.00000
       9275        324    2.00000   20.00000    4.00000   34.00000   35.50000   34.75000 2257.36142 2110.68214 2366.22250 2392.24923 2388.23249 2399.61152    1.08413    0.31168    2.49995   12.37792    0.01871   35.03110    0.00679    0.26292    1.41563    1.74520    0.26274    5.08813    1.16371    0.63490   -1.79861    0.64666  273.03253  281.11714  712.82734  280.00000    0.00000    0.00000    0.00000    0.00000    0.00000    0.00000
       9325        324    2.00000   20.00000    4.00000   34.00000   35.50000   34.75000 2257.36105 2110.68211 2366.21370 2392.24923 2388.23249 2399.61152    1.08413    0.31168    2.49995   12.37791    0.01871   35.03110    0.00679    0.26292    1.41563    1.74520    0.26274    5.08813    1.16371    0.63490   -1.79861    0.64666  273.03177  281.11710  712.76483  280.00000    0.00000    0.00000    0.00000    0.00000    0.00000    0.00000
       9375        324    2.00000   20.00000    4.00000   34.00000   35.50000   34.75000 2257.36068 2110.68209 2366.20510 2392.24923 2388.23249 2399.61152    1.08413    0.31168    2.49995   12.37791    0.01871   35.03110    0.00679    0.26292    1.41563    1.74520    0.26274    5.08813    1.16371    0.63490   -1.79861    0.64666  273.03102  281.11706  712.70373  280.00000    0.00000    0.00000    0.00000    0.00000    0.00000    0.00000
       9425        324    2.00000   20.00000    4.00000   34.00000   35.50000   34.75000 2257.36033 2110.68206 2366.19670 2392.24923 2388.23249 2399.61152    1.08413    0.31168    2.49995   12.37791    0.01871   35.03110    0.00679    0.26292    1.41563    1.74520    0.26274    5.08813    1.16371    0.63490   -1.79861    0.64666  273.03029  281.11702  712.64402  280.00000    0.00000    0.00000    0.00000    0.00000    0.00000    0.00000
       9475        324    2.00000   20.00000    4.00000   34.00000   35.50000   34.75000 2257.35998 2110.68203 2366.18849 2392.24923 2388.23249 2399.61152    1.08413    0.31168    2.49995   12.37791    0.01871   35.03110    0.00679    0.26292    1.41563    1.74520    0.26274    5.08813    1.16371    0.63490   -1.79861    0.64666  273.02958  281.11698  712.58567  280.00000    0.00000    0.00000    0.00000    0.00000    0.00000    0.00000
       9525        324    2.00000   20.00000    4.00000   34.00000   35.50000   34.75000 2257.35964 2110.68201 2366.18046 2392.24923 2388.23249 2399.61152    1.08413    0.31168    2.49995   12.37791    0.01871   35.03110    0.00679    0.26292    1.41563    1.74520    0.26274    5.08813    1.16371    0.63490   -1.79861    0.64666  273.02888  281.11694  712.52864  280.00000    0.00000    0.00000    0.00000    0.00000    0.00000    0.00000
       9575        324    2.00000   20.00000    4.00000   34.00000   35.50000   34.75000 2257.35931 2110.68198 2366.17261 2392.24923 2388.23249 2399.61152    1.08413    0.31168    2.49995   12.37790    0.01871   35.03110    0.00679    0.26292    1.41563    1.74520    0.26274    5.08813    1.16371    0.63490   -1.79861    0.64666  273.02820  281.11690  712.47291  280.00000    0.00000    0.00000    0.00000    0.00000    0.00000    0.00000
       9625        324    2.00000   20.00000    4.00000   34.00000   35.50000   34.75000 2257.35899 2110.68196 2366.16495 2392.24923 2388.23249 2399.61152    1.08413    0.31168    2.49995   12.37790    0.01871   35.03110    0.00679    0.26292    1.41563    1.74520    0.26274    5.08813    1.16371    0.63490   -1.79861    0.64666  273.02754  281.11686  712.41844  280.00000    0.00000    0.00000    0.00000    0.00000    0.00000    0.00000
       9675        324    2.00000   20.00000    4.00000   34.00000   35.50000   34.75000 2257.35867 2110.68193 2366.15745 2392.24923 2388.23249 2399.61152    1.08413    0.31168    2.49995   12.37790    0.01871   35.03110    0.00679    0.26292    1.41563    1.74520    0.26274    5.08813    1.16371    0.63490   -1.79861    0.64666  273.02689  281.11683  712.36521  280.00000    0.00000    0.00000    0.00000    0.00000    0.00000    0.00000
       9725        324    2.00000   20.00000    4.00000   34.00000   35.50000   34.75000 2257.35837 2110.68191 2366.15013 2392.24923 2388.23249 2399.61152    1.08413    0.31168    2.49995   12.37790    0.01871   35.03110    0.00679    0.26292    1.41563    1.74520    0.26274    5.08813    1.16371    0.63490   -1.79861    0.64666  273.02625  281.11679  712.31319  280.00000    0.00000    0.00000    0.00000    0.00000    0.00000    0.00000
       9775        324    2.00000   20.00000    4.00000   34.00000   35.50000   34.75000 2257.35806 2110.68189 2366.14297 2392.24923 2388.23249 2399.61152    1.08413    0.31168    2.49995   12.37790    0.01871   35.03110    0.00679    0.26292    1.41563    1.74520    0.26274    5.08813    1.16371    0.63490   -1.79861    0.64666  273.02563  281.11675  712.26235  280.00000    0.00000    0.00000    0.00000    0.00000    0.00000    0.00000
       9825        324    2.00000   20.00000    4.00000   34.00000   35.50000   34.75000 2257.35777 2110.68186 2366.13597 2392.24923 2388.23249 2399.61152    1.08413    0.31168    2.49995   12.37790    0.01871   35.03110    0.00679    0.26292    1.41563    1.74520    0.26274    5.08813    1.16371    0.63490   -1.79861    0.64666  273.02502  281.11672  712.21267  280.00000    0.00000    0.00000    0.00000    0.00000    0.00000    0.00000
       9875        324    2.00000   20.00000    4.00000   34.00000   35.50000   34.75000 2257.35748 2110.68184 2366.12913 2392.24923 2388.23249 2399.61152    1.08413    0.31168    2.49995   12.37790    0.01871   35.03110    0.00679    0.26292    1.41563    1.74520    0.26274    5.08813    1.16371    0.63490   -1.79861    0.64666  273.02443  281.11669  712.16411  280.00000    0.00000    0.00000    0.00000    0.00000    0.00000    0.00000
       9925        324    2.00000   20.00000    4.00000   34.00000   35.50000   34.75000 2257.35720 2110.68182 2366.12245 2392.24923 2388.23249 2399.61152    1.08413    0.31168    2.49995   12.37790    0.01871   35.03110    0.00679    0.26292    1.41563    1.74520    0.26274    5.08813    1.16371    0.63490   -1.79861    0.64666  273.02385  281.11665  712.11665  280.00000    0.00000    0.00000    0.00000    0.00000    0.00000    0.00000
       9975        324    2.00000   20.00000    4.00000   34.00000   35.50000   34.75000 2257.35692 2110.68180 2366.11592 2392.24922 2388.23249 2399.61152    1.08413    0.31168    2.49995   12.37789    0.01871   35.03110    0.00679    0.26292    1.41563    1.74520    0.26274    5.08813    1.16371    0.63490   -1.79861    0.64666  273.02328  281.11662  712.07027  280.00000    0.00000    0.00000    0.00000    0.00000    0.00000    0.00000
