      t(yr)     Limits    THETA      THETA      THETA     SALT       SALT       SALT      DIC        DIC        DIC        ALK        ALK        ALK           PO4        PO4        PO4       NO3        NO3        NO3         FET        FET        FET        LIG        LIG        LIG        EXPORT     EXPORT     EXPORT     P*       OCPCO2     OCPCO2     OCPCO2     ATPCO2       LDOC       LDOC       LDOC       PB         PB         PB      
          0               2.00000   20.00000    4.00000   34.00000   35.50000   34.75000 2200.00000 2100.00000 2400.00000 2350.00000 2350.00000 2400.00000    2.00000    0.00000    2.50000   25.00000    0.00000   35.00000    0.10000    0.10000    0.10000    2.00000    2.00000    2.00000    0.00000    0.00000    0.00000    0.28571  237.33609  313.93736  995.96146  280.00000    2.00000    2.00000    2.00000   10.00000   10.00000   10.00000
          5        323    2.00005   20.00046    4.00009   34.00078   35.50081   34.75079 2249.19098 2077.80590 2396.29976 2377.19765 2353.64041 2400.49300    2.18998    0.10023    2.46559   29.13387    0.04213   34.45823    0.00053    0.04005    0.02961    0.66901    0.05186    0.09305    0.07459    1.40903   -1.48362    0.15386  287.36057  273.33375  955.37468  280.00639    2.83263    2.19626    3.41941    4.09453   32.34289   25.81994
         15        323    2.00000   20.00000    4.00000   34.00000   35.50000   34.75000 2267.30633 2082.84274 2388.95536 2397.12418 2367.10619 2401.33209    2.35323    0.21025    2.39908   32.52410    0.04737   33.40526    0.00018    0.04370    0.03226    0.26298    0.05557    0.13482    0.03278    1.57947   -1.61225    0.02627  288.38872  264.87704  880.04001  280.00000    5.03130    3.29107    6.23704    3.87018   34.99457   28.16507
         25        323    2.00000   20.00000    4.00000   34.00000   35.50000   34.75000 2270.48823 2091.87663 2381.29665 2401.05159 2378.28903 2402.35535    2.31543    0.25989    2.32905   32.04706    0.04694   32.29042    0.00021    0.04767    0.03868    0.24256    0.05895    0.15702    0.03814    1.56539   -1.60353    0.00752  287.57044  265.08611  806.43678  280.00000    7.36815    3.96452    8.25405    4.17344   37.16963   32.23252
         35        323    2.00000   20.00000    4.00000   34.00000   35.50000   34.75000 2271.53822 2098.13743 2373.36066 2402.55615 2385.36019 2403.46381    2.24372    0.28495    2.25625   30.92279    0.04545   31.12853    0.00023    0.04969    0.04394    0.25831    0.05603    0.16139    0.04252    1.51712   -1.55964    0.00661  286.73258  265.98702  736.46757  280.00000    8.90488    4.10119    9.26590    4.39341   38.24272   35.30397
         45        323    2.00000   20.00000    4.00000   34.00000   35.50000   34.75000 2272.30530 2102.42104 2365.29659 2403.73601 2389.84388 2404.61519    2.16669    0.29809    2.18212   29.69571    0.04371   29.94398    0.00025    0.05008    0.04729    0.26601    0.05225    0.15646    0.04531    1.46070   -1.50602    0.00830  285.89968  266.99950  671.92695  280.00000    9.53816    4.00637    9.44398    4.52271   38.44891   37.14922
         55        323    2.00000   20.00000    4.00000   34.00000   35.50000   34.75000 2273.05881 2105.58635 2357.19209 2404.89514 2392.91939 2405.78537    2.09001    0.30502    2.10751   28.47056    0.04190   28.75114    0.00025    0.04912    0.04863    0.26460    0.04914    0.14866    0.04643    1.40165   -1.44808    0.00976  285.08270  268.01478  613.45020  280.00000    9.50887    3.82404    9.14669    4.57324   37.95794   37.86362
         65        323    2.00000   20.00000    4.00000   34.00000   35.50000   34.75000 2273.82699 2108.15478 2349.09046 2406.06661 2395.26226 2406.96205    2.01480    0.30868    2.03286   27.26785    0.04008   27.55715    0.00025    0.04757    0.04841    0.25888    0.04750    0.14249    0.04625    1.34243   -1.38868    0.01050  284.28175  269.01151  560.97084  280.00000    9.17632    3.69421    8.74520    4.56721   37.14236   37.75304
         75        323    2.00000   20.00000    4.00000   34.00000   35.50000   34.75000 2274.60331 2110.40062 2341.01312 2407.24592 2397.21602 2408.13916    1.94080    0.31058    1.95837   26.08422    0.03830   26.36556    0.00025    0.04607    0.04747    0.25335    0.04596    0.13989    0.04547    1.28421   -1.32968    0.01067  283.49061  269.99182  514.10067  280.00000    8.84694    3.57444    8.47824    4.53444   36.33899   37.26084
         85        323    2.00000   20.00000    4.00000   34.00000   35.50000   34.75000 2275.37933 2112.47044 2332.96729 2408.42613 2398.95812 2409.31415    1.86737    0.31155    1.88412   24.90958    0.03655   25.17763    0.00024    0.04473    0.04654    0.25050    0.04457    0.14062    0.04470    1.22673   -1.27143    0.01065  282.70263  270.96379  472.30753  280.00000    8.67673    3.48128    8.41176    4.50049   35.60573   36.76317
         95        323    2.00000   20.00000    4.00000   34.00000   35.50000   34.75000 2276.15064 2114.44207 2324.94952 2409.60350 2400.58026 2410.48681    1.79401    0.31202    1.81007   23.73584    0.03481   23.99293    0.00024    0.04361    0.04594    0.25065    0.04340    0.14339    0.04420    1.16973   -1.21393    0.01072  281.91413  271.93464  435.01256  280.00000    8.68205    3.42666    8.50278    4.47778   34.97898   36.43584
        105        323    2.00000   20.00000    4.00000   34.00000   35.50000   34.75000 2276.91662 2116.35695 2316.95155 2410.77753 2402.13167 2411.65799    1.72048    0.31222    1.73615   22.55941    0.03309   22.81025    0.00024    0.04265    0.04567    0.25289    0.04240    0.14696    0.04397    1.11295   -1.15692    0.01100  281.12420  272.90780  401.66095  280.00000    8.80965    3.40440    8.67959    4.46739   34.43749   36.28886
        115        323    2.00000   20.00000    4.00000   34.00000   35.50000   34.75000 2277.67839 2118.23813 2308.96582 2411.94923 2403.64093 2412.82856    1.64675    0.31228    1.66229   21.37991    0.03137   21.62851    0.00024    0.04178    0.04563    0.25615    0.04148    0.15055    0.04394    1.05620   -1.10013    0.01150  280.33324  273.88375  371.75959  280.00000    8.99694    3.40237    8.88513    4.46539   33.94018   36.26257
        125        323    2.00000   20.00000    4.00000   34.00000   35.50000   34.75000 2278.43732 2120.09909 2300.98787 2413.11980 2405.12568 2413.99905    1.57290    0.31226    1.58845   20.19830    0.02965   20.44703    0.00024    0.04094    0.04568    0.25963    0.04060    0.15386    0.04398    0.99941   -1.04339    0.01217  279.54206  274.86170  344.88312  280.00000    9.19924    3.41019    9.08739    4.46735   33.45185   36.29233
        135        323    2.00000   20.00000    4.00000   34.00000   35.50000   34.75000 2279.19434 2121.94789 2293.01604 2414.29006 2406.59691 2415.16961    1.49900    0.31220    1.51461   19.01581    0.02794   19.26559    0.00024    0.04008    0.04576    0.26295    0.03970    0.15686    0.04404    0.94256   -0.98661    0.01297  278.75137  275.84056  320.66554  280.00000    9.39393    3.42176    9.27488    4.47013   32.95120   36.33285
        145        323    2.00000   20.00000    4.00000   34.00000   35.50000   34.75000 2279.94989 2123.78924 2285.05045 2415.46033 2408.06128 2416.34016    1.42509    0.31212    1.44077   17.83336    0.02622   18.08421    0.00024    0.03920    0.04581    0.26604    0.03877    0.15968    0.04408    0.88567   -0.92976    0.01388  277.96162  276.81948  298.78979  280.00000    9.57495    3.43487    9.44867    4.47205   32.42919   36.36042
        155        323    2.00000   20.00000    4.00000   34.00000   35.50000   34.75000 2280.70405 2125.62579 2277.09196 2416.63064 2409.52250 2417.51052    1.35123    0.31202    1.36695   16.65155    0.02451   16.90304    0.00024    0.03829    0.04582    0.26895    0.03782    0.16247    0.04410    0.82877   -0.87286    0.01488  277.17306  277.79795  278.97960  280.00000    9.74557    3.45003    9.61534    4.47258   31.88453   36.36739
        165        323    2.00000   20.00000    4.00000   34.00000   35.50000   34.75000 2281.45673 2127.45887 2269.14154 2417.80086 2410.98241 2418.68053    1.27742    0.31193    1.29315   15.47060    0.02280   15.72222    0.00024    0.03737    0.04580    0.27181    0.03684    0.16534    0.04408    0.77187   -0.81594    0.01601  276.38575  278.77572  260.99358  280.00000    9.91257    3.46924    9.78239    4.47179   31.31942   36.35532
        175        323    2.00000   20.00000    4.00000   34.00000   35.50000   34.75000 2282.20774 2129.28907 2261.19998 2418.97081 2412.44179 2419.85007    1.20367    0.31182    1.21938   14.29058    0.02110   14.54189    0.00024    0.03642    0.04575    0.27474    0.03585    0.16839    0.04404    0.71498   -0.75902    0.01729  275.59969  279.75275  244.62079  280.00000   10.08267    3.49507    9.95592    4.47005   30.73650   36.32945
        185        323    2.00000   20.00000    4.00000   34.00000   35.50000   34.75000 2282.95693 2131.11663 2253.26780 2420.14033 2413.90085 2421.01904    1.12997    0.31172    1.14564   13.11142    0.01940   13.36212    0.00024    0.03546    0.04569    0.27781    0.03485    0.17165    0.04399    0.65812   -0.70211    0.01877  274.81481  280.72908  229.67704  280.00000   10.26097    3.53024   10.13992    4.46774   30.13711   36.29535
        195        323    2.00000   20.00000    4.00000   34.00000   35.50000   34.75000 2283.70417 2132.94163 2245.34526 2421.30933 2415.35963 2422.18740    1.05632    0.31161    1.07194   11.93303    0.01771   12.18296    0.00024    0.03449    0.04562    0.28110    0.03383    0.17516    0.04393    0.60129   -0.64522    0.02053  274.03107  281.70477  216.00173  280.00000   10.45065    3.57750   10.33657    4.46514   29.52055   36.25722
        205        323    2.00000   20.00000    4.00000   34.00000   35.50000   34.75000 2284.44939 2134.76412 2237.43245 2422.47773 2416.81812 2423.35513    0.98272    0.31151    0.99829   10.75535    0.01602   11.00444    0.00024    0.03350    0.04555    0.28461    0.03280    0.17891    0.04387    0.54446   -0.58833    0.02266  273.24842  282.67988  203.45490  280.00000   10.65334    3.63977   10.54681    4.46243   28.88380   36.21750
        215        323    2.00000   20.00000    4.00000   34.00000   35.50000   34.75000 2285.19256 2136.58422 2229.52940 2423.64550 2418.27645 2424.52222    0.90916    0.31140    0.92467    9.57835    0.01433    9.82655    0.00024    0.03249    0.04547    0.28837    0.03174    0.18291    0.04381    0.48763   -0.53144    0.02529  272.46686  283.65442  191.91461  280.00000   10.86973    3.72041   10.77099    4.45968   28.22137   36.17714
        225        323    2.00000   20.00000    4.00000   34.00000   35.50000   34.75000 2285.93365 2138.40213 2221.63608 2424.81265 2419.73483 2425.68867    0.83563    0.31130    0.85109    8.40200    0.01265    8.64931    0.00024    0.03144    0.04540    0.29238    0.03064    0.18716    0.04374    0.43079   -0.47453    0.02864  271.68637  284.62838  181.27447  280.00000   11.10015    3.82368   11.00935    4.45687   27.52485   36.13602
        235        323    2.00000   20.00000    4.00000   34.00000   35.50000   34.75000 2286.67268 2140.21817 2213.75249 2425.97915 2421.19366 2426.85447    0.76215    0.31119    0.77755    7.22633    0.01097    7.47271    0.00024    0.03033    0.04532    0.29664    0.02950    0.19168    0.04368    0.37389   -0.41757    0.03304  270.90699  285.60174  171.44160  280.00000   11.34491    3.95527   11.26228    4.45396   26.78190   36.09345
        245        323    2.00000   20.00000    4.00000   34.00000   35.50000   34.75000 2287.40963 2142.03278 2205.87866 2427.14501 2422.65354 2428.01960    0.68872    0.31109    0.70406    6.05137    0.00929    6.29678    0.00024    0.02916    0.04524    0.30117    0.02827    0.19648    0.04361    0.31692   -0.36053    0.03908  270.12872  286.57441  162.33466  280.00000   11.60457    4.12321   11.53053    4.45089   25.97401   36.04845
        255        323    2.00000   20.00000    4.00000   34.00000   35.50000   34.75000 2288.14450 2143.84665 2198.01466 2428.31023 2424.11536 2429.18404    0.61533    0.31098    0.63060    4.87716    0.00760    5.12151    0.00024    0.02787    0.04515    0.30598    0.02693    0.20159    0.04354    0.25980   -0.30334    0.04792  269.35160  287.54632  153.88232  280.00000   11.88006    4.33922   11.81523    4.44758   25.07213   35.99996
        265        323    2.00000   20.00000    4.00000   34.00000   35.50000   34.75000 2288.87729 2145.66083 2190.16054 2429.47477 2425.58051 2430.34778    0.54199    0.31088    0.55719    3.70376    0.00592    3.94693    0.00024    0.02640    0.04505    0.31111    0.02542    0.20705    0.04346    0.20245   -0.24591    0.06206  268.57566  288.51732  146.02181  280.00000   12.17273    4.62117   12.11800    4.44395   24.02743   35.94680
        275        323    2.00000   20.00000    4.00000   34.00000   35.50000   34.75000 2289.60799 2147.47704 2182.31641 2430.63864 2427.05124 2431.51076    0.46871    0.31077    0.48382    2.53121    0.00423    2.77306    0.00024    0.02465    0.04494    0.31659    0.02362    0.21291    0.04337    0.14471   -0.18808    0.08853  267.80092  289.48722  138.69772  280.00000   12.48440    4.99807   12.44095    4.43991   22.74952   35.88763
        285        323    2.00000   20.00000    4.00000   34.00000   35.50000   34.75000 2290.33659 2149.29836 2174.48228 2431.80179 2428.53163 2432.67295    0.39548    0.31067    0.41050    1.35957    0.00252    1.59991    0.00024    0.02239    0.04482    0.32247    0.02131    0.21922    0.04327    0.08625   -0.12952    0.15747  267.02744  290.45565  131.86104  280.00000   12.81752    5.52155   12.78694    4.43533   21.04448   35.82055
        295        222    2.00000   20.00000    4.00000   34.00000   35.50000   34.75000 2291.12024 2151.11114 2167.47004 2432.93876 2430.02721 2433.71164    0.32684    0.31056    0.34489    0.26135    0.00086    0.55004    0.00217    0.01879    0.04380    0.29696    0.01764    0.17341    0.03537    0.02937   -0.06474    0.63486  266.42155  291.39431  126.10389  280.00000   12.92755    6.28868   12.38121    5.55758   18.23295   35.26638
        305        222    2.00000   20.00000    4.00000   34.00000   35.50000   34.75000 2291.83046 2152.46384 2165.09606 2433.67286 2431.44439 2434.05033    0.31058    0.31052    0.32299    0.00118    0.00019    0.19966    0.01353    0.01044    0.03355    0.04373    0.00923    0.07942    0.01352    0.00651   -0.02003    0.99405  266.49842  291.71655  124.23389  280.00000    9.76873    7.11095    8.45997   14.39382   11.12951   29.08937
        315        222    2.00000   20.00000    4.00000   34.00000   35.50000   34.75000 2292.08708 2153.31794 2164.31450 2433.96841 2432.49968 2434.15235    0.31054    0.31052    0.31607    0.00055    0.00012    0.08906    0.00935    0.00824    0.02061    0.01991    0.00703    0.05461    0.00634    0.00406   -0.01040    0.99374  266.48828  291.71795  123.63365  280.00000    6.43209    6.74536    5.71279   10.50683    8.88674   19.84463
        325        222    2.00000   20.00000    4.00000   34.00000   35.50000   34.75000 2292.20876 2153.86431 2163.92773 2434.10960 2433.17516 2434.19845    0.31052    0.31051    0.31286    0.00026    0.00009    0.03760    0.00698    0.00721    0.01284    0.01650    0.00599    0.04231    0.00298    0.00314   -0.00613    0.99300  266.48167  291.71836  123.34067  280.00000    4.77982    5.63012    4.50633    8.00814    7.82849   13.26908
        335        222    2.00000   20.00000    4.00000   34.00000   35.50000   34.75000 2292.26012 2154.20023 2163.75369 2434.17033 2433.59085 2434.21487    0.31052    0.31051    0.31163    0.00014    0.00007    0.01795    0.00568    0.00638    0.00887    0.01480    0.00515    0.03494    0.00164    0.00248   -0.00412    0.99196  266.47691  291.71814  123.21176  280.00000    3.99433    4.62390    3.91483    6.54027    6.95880    9.51424
        345        222    2.00000   20.00000    4.00000   34.00000   35.50000   34.75000 2292.27968 2154.40031 2163.66151 2434.19475 2433.83865 2434.22046    0.31051    0.31051    0.31116    0.00009    0.00006    0.01045    0.00494    0.00577    0.00686    0.01373    0.00455    0.03018    0.00108    0.00205   -0.00313    0.99089  266.47287  291.71775  123.14545  280.00000    3.57255    3.89886    3.56261    5.67698    6.32423    7.49256
        355        222    2.00000   20.00000    4.00000   34.00000   35.50000   34.75000 2292.28673 2154.51705 2163.59868 2434.20489 2433.98338 2434.22256    0.31051    0.31051    0.31096    0.00007    0.00005    0.00726    0.00449    0.00535    0.00579    0.01290    0.00412    0.02699    0.00083    0.00177   -0.00259    0.99003  266.46912  291.71736  123.10135  280.00000    3.30091    3.40550    3.31449    5.14279    5.86998    6.37474
        365        222    2.00000   20.00000    4.00000   34.00000   35.50000   34.75000 2292.28906 2154.58458 2163.54714 2434.20962 2434.06719 2434.22350    0.31051    0.31051    0.31086    0.00006    0.00005    0.00568    0.00419    0.00504    0.00516    0.01224    0.00381    0.02475    0.00069    0.00157   -0.00226    0.98942  266.46548  291.71699  123.06568  280.00000    3.09733    3.06621    3.11872    4.78649    5.53979    5.70692
        375        222    2.00000   20.00000    4.00000   34.00000   35.50000   34.75000 2292.28953 2154.62368 2163.50046 2434.21222 2434.11582 2434.22405    0.31051    0.31051    0.31081    0.00005    0.00004    0.00477    0.00397    0.00481    0.00475    0.01167    0.00357    0.02307    0.00060    0.00144   -0.00203    0.98901  266.46192  291.71667  123.03359  280.00000    2.92958    2.82221    2.95348    4.52785    5.29054    5.26554
        385        222    2.00000   20.00000    4.00000   34.00000   35.50000   34.75000 2292.28921 2154.64657 2163.45615 2434.21391 2434.14437 2434.22443    0.31051    0.31051    0.31077    0.00005    0.00004    0.00417    0.00379    0.00462    0.00445    0.01119    0.00339    0.02175    0.00054    0.00133   -0.00187    0.98872  266.45839  291.71636  123.00323  280.00000    2.78399    2.63625    2.80852    4.32467    5.09281    4.94294
        395        222    2.00000   20.00000    4.00000   34.00000   35.50000   34.75000 2292.28853 2154.66025 2163.41317 2434.21516 2434.16152 2434.22473    0.31051    0.31051    0.31074    0.00004    0.00004    0.00373    0.00364    0.00447    0.00421    0.01075    0.00323    0.02063    0.00049    0.00125   -0.00174    0.98850  266.45489  291.71608  122.97382  280.00000    2.65408    2.48634    2.67854    4.15474    4.92811    4.68673
        405        222    2.00000   20.00000    4.00000   34.00000   35.50000   34.75000 2292.28764 2154.66869 2163.37101 2434.21617 2434.17218 2434.22500    0.31051    0.31051    0.31072    0.00004    0.00003    0.00339    0.00351    0.00434    0.00401    0.01036    0.00310    0.01966    0.00045    0.00117   -0.00163    0.98832  266.45141  291.71580  122.94503  280.00000    2.53635    2.35979    2.56045    4.00628    4.78531    4.47073
        415        222    2.00000   20.00000    4.00000   34.00000   35.50000   34.75000 2292.28663 2154.67414 2163.32946 2434.21703 2434.17913 2434.22523    0.31051    0.31051    0.31070    0.00004    0.00003    0.00310    0.00340    0.00422    0.00383    0.01000    0.00298    0.01880    0.00042    0.00111   -0.00153    0.98817  266.44795  291.71554  122.91667  280.00000    2.42864    2.24930    2.45227    3.87288    4.65785    4.28139
        425        222    2.00000   20.00000    4.00000   34.00000   35.50000   34.75000 2292.28553 2154.67785 2163.28838 2434.21778 2434.18393 2434.22544    0.31051    0.31051    0.31069    0.00003    0.00003    0.00286    0.00329    0.00411    0.00367    0.00967    0.00287    0.01801    0.00039    0.00106   -0.00145    0.98802  266.44452  291.71528  122.88865  280.00000    2.32949    2.15054    2.35259    3.75090    4.54180    4.11135
        435        222    2.00000   20.00000    4.00000   34.00000   35.50000   34.75000 2292.28436 2154.68053 2163.24769 2434.21845 2434.18745 2434.22562    0.31051    0.31051    0.31067    0.00003    0.00003    0.00264    0.00319    0.00401    0.00353    0.00936    0.00277    0.01729    0.00037    0.00101   -0.00138    0.98789  266.44110  291.71503  122.86093  280.00000    2.23780    2.06091    2.26034    3.63811    4.43475    3.95634
        445        222    2.00000   20.00000    4.00000   34.00000   35.50000   34.75000 2292.28315 2154.68259 2163.20736 2434.21905 2434.19019 2434.22579    0.31051    0.31051    0.31066    0.00003    0.00003    0.00245    0.00310    0.00392    0.00340    0.00907    0.00268    0.01662    0.00034    0.00096   -0.00131    0.98777  266.43770  291.71478  122.83346  280.00000    2.15270    1.97871    2.17467    3.53309    4.33512    3.81369
        455        222    2.00000   20.00000    4.00000   34.00000   35.50000   34.75000 2292.28189 2154.68424 2163.16734 2434.21959 2434.19243 2434.22594    0.31051    0.31051    0.31065    0.00003    0.00003    0.00229    0.00301    0.00383    0.00328    0.00880    0.00259    0.01601    0.00032    0.00092   -0.00125    0.98765  266.43432  291.71454  122.80623  280.00000    2.07347    1.90279    2.09487    3.43483    4.24185    3.68160
        465        222    2.00000   20.00000    4.00000   34.00000   35.50000   34.75000 2292.28060 2154.68563 2163.12762 2434.22007 2434.19434 2434.22607    0.31051    0.31051    0.31064    0.00003    0.00003    0.00214    0.00293    0.00375    0.00316    0.00854    0.00251    0.01543    0.00030    0.00089   -0.00119    0.98753  266.43095  291.71430  122.77921  280.00000    1.99950    1.83229    2.02034    3.34254    4.15416    3.55871
        475        222    2.00000   20.00000    4.00000   34.00000   35.50000   34.75000 2292.27927 2154.68683 2163.08818 2434.22052 2434.19601 2434.22620    0.31051    0.31051    0.31063    0.00003    0.00002    0.00200    0.00286    0.00368    0.00306    0.00830    0.00244    0.01489    0.00029    0.00085   -0.00114    0.98742  266.42761  291.71406  122.75240  280.00000    1.93028    1.76658    1.95057    3.25563    4.07144    3.44399
        485        222    2.00000   20.00000    4.00000   34.00000   35.50000   34.75000 2292.27792 2154.68789 2163.04900 2434.22093 2434.19750 2434.22631    0.31051    0.31051    0.31063    0.00002    0.00002    0.00188    0.00279    0.00361    0.00296    0.00807    0.00236    0.01439    0.00027    0.00082   -0.00109    0.98731  266.42427  291.71383  122.72578  280.00000    1.86536    1.70514    1.88509    3.17357    3.99322    3.33658
        495        222    2.00000   20.00000    4.00000   34.00000   35.50000   34.75000 2292.27655 2154.68883 2163.01008 2434.22130 2434.19886 2434.22641    0.31051    0.31051    0.31062    0.00002    0.00002    0.00176    0.00272    0.00354    0.00287    0.00785    0.00230    0.01391    0.00026    0.00079   -0.00105    0.98721  266.42096  291.71359  122.69935  280.00000    1.80433    1.64754    1.82354    3.09594    3.91907    3.23577
        505        222    2.00000   20.00000    4.00000   34.00000   35.50000   34.75000 2292.27516 2154.68969 2162.97139 2434.22164 2434.20009 2434.22650    0.31051    0.31051    0.31061    0.00002    0.00002    0.00166    0.00265    0.00347    0.00278    0.00764    0.00223    0.01347    0.00025    0.00076   -0.00101    0.98710  266.41766  291.71337  122.67309  280.00000    1.74686    1.59341    1.76555    3.02236    3.84866    3.14094
        515        222    2.00000   20.00000    4.00000   34.00000   35.50000   34.75000 2292.27375 2154.69046 2162.93294 2434.22196 2434.20123 2434.22659    0.31051    0.31051    0.31061    0.00002    0.00002    0.00157    0.00259    0.00341    0.00270    0.00744    0.00217    0.01305    0.00023    0.00074   -0.00097    0.98700  266.41438  291.71314  122.64701  280.00000    1.69264    1.54243    1.71083    2.95249    3.78168    3.05157
        525        222    2.00000   20.00000    4.00000   34.00000   35.50000   34.75000 2292.27234 2154.69117 2162.89472 2434.22225 2434.20228 2434.22666    0.31051    0.31051    0.31060    0.00002    0.00002    0.00148    0.00254    0.00336    0.00262    0.00726    0.00211    0.01265    0.00022    0.00071   -0.00093    0.98690  266.41111  291.71292  122.62108  280.00000    1.64140    1.49434    1.65910    2.88605    3.71786    2.96718
        535        222    2.00000   20.00000    4.00000   34.00000   35.50000   34.75000 2292.27091 2154.69182 2162.85672 2434.22252 2434.20326 2434.22673    0.31051    0.31051    0.31060    0.00002    0.00002    0.00140    0.00248    0.00330    0.00255    0.00708    0.00205    0.01227    0.00021    0.00069   -0.00090    0.98681  266.40786  291.71270  122.59532  280.00000    1.59290    1.44888    1.61013    2.82276    3.65697    2.88735
        545        222    2.00000   20.00000    4.00000   34.00000   35.50000   34.75000 2292.26947 2154.69241 2162.81892 2434.22277 2434.20416 2434.22680    0.31051    0.31051    0.31059    0.00002    0.00002    0.00133    0.00243    0.00325    0.00248    0.00691    0.00200    0.01192    0.00020    0.00067   -0.00087    0.98672  266.40463  291.71248  122.56971  280.00000    1.54692    1.40585    1.56369    2.76241    3.59879    2.81173
        555        222    2.00000   20.00000    4.00000   34.00000   35.50000   34.75000 2292.26802 2154.69296 2162.78134 2434.22300 2434.20501 2434.22686    0.31051    0.31051    0.31059    0.00002    0.00002    0.00126    0.00238    0.00320    0.00242    0.00674    0.00195    0.01158    0.00019    0.00065   -0.00084    0.98663  266.40141  291.71226  122.54425  280.00000    1.50327    1.36505    1.51960    2.70477    3.54313    2.73997
        565        222    2.00000   20.00000    4.00000   34.00000   35.50000   34.75000 2292.26656 2154.69346 2162.74396 2434.22322 2434.20581 2434.22692    0.31051    0.31051    0.31058    0.00002    0.00002    0.00120    0.00233    0.00315    0.00236    0.00659    0.00190    0.01126    0.00019    0.00063   -0.00081    0.98654  266.39820  291.71205  122.51894  280.00000    1.46177    1.32631    1.47769    2.64966    3.48982    2.67180
        575        222    2.00000   20.00000    4.00000   34.00000   35.50000   34.75000 2292.26511 2154.69393 2162.70678 2434.22342 2434.20655 2434.22697    0.31051    0.31051    0.31058    0.00002    0.00002    0.00114    0.00229    0.00310    0.00230    0.00644    0.00186    0.01095    0.00018    0.00061   -0.00079    0.98645  266.39501  291.71183  122.49378  280.00000    1.42228    1.28948    1.43778    2.59691    3.43870    2.60693
        585        222    2.00000   20.00000    4.00000   34.00000   35.50000   34.75000 2292.26364 2154.69436 2162.66980 2434.22361 2434.20725 2434.22702    0.31051    0.31051    0.31058    0.00001    0.00002    0.00109    0.00225    0.00306    0.00224    0.00630    0.00181    0.01066    0.00017    0.00059   -0.00076    0.98636  266.39184  291.71162  122.46876  280.00000    1.38464    1.25442    1.39975    2.54636    3.38963    2.54515
        595        222    2.00000   20.00000    4.00000   34.00000   35.50000   34.75000 2292.26218 2154.69475 2162.63301 2434.22378 2434.20791 2434.22706    0.31051    0.31051    0.31057    0.00001    0.00002    0.00104    0.00220    0.00302    0.00219    0.00616    0.00177    0.01039    0.00016    0.00058   -0.00074    0.98628  266.38868  291.71141  122.44387  280.00000    1.34874    1.22099    1.36346    2.49786    3.34249    2.48621
        605        222    2.00000   20.00000    4.00000   34.00000   35.50000   34.75000 2292.26071 2154.69512 2162.59641 2434.22395 2434.20853 2434.22710    0.31051    0.31051    0.31057    0.00001    0.00002    0.00099    0.00216    0.00298    0.00214    0.00603    0.00173    0.01012    0.00016    0.00056   -0.00072    0.98620  266.38554  291.71120  122.41912  280.00000    1.31444    1.18910    1.32880    2.45129    3.29714    2.42995
        615        222    2.00000   20.00000    4.00000   34.00000   35.50000   34.75000 2292.25924 2154.69546 2162.56000 2434.22411 2434.20912 2434.22714    0.31051    0.31051    0.31057    0.00001    0.00002    0.00095    0.00213    0.00294    0.00209    0.00590    0.00169    0.00987    0.00015    0.00055   -0.00070    0.98612  266.38241  291.71100  122.39451  280.00000    1.28165    1.15862    1.29565    2.40653    3.25349    2.37616
        625        222    2.00000   20.00000    4.00000   34.00000   35.50000   34.75000 2292.25777 2154.69578 2162.52377 2434.22425 2434.20968 2434.22718    0.31051    0.31051    0.31057    0.00001    0.00002    0.00091    0.00209    0.00290    0.00204    0.00578    0.00165    0.00963    0.00015    0.00053   -0.00068    0.98604  266.37929  291.71079  122.37003  280.00000    1.25027    1.12948    1.26393    2.36348    3.21144    2.32470
        635        222    2.00000   20.00000    4.00000   34.00000   35.50000   34.75000 2292.25630 2154.69607 2162.48772 2434.22439 2434.21020 2434.22721    0.31051    0.31051    0.31056    0.00001    0.00002    0.00087    0.00205    0.00286    0.00200    0.00566    0.00161    0.00940    0.00014    0.00052   -0.00066    0.98596  266.37619  291.71059  122.34567  280.00000    1.22020    1.10159    1.23353    2.32202    3.17089    2.27541
        645        222    2.00000   20.00000    4.00000   34.00000   35.50000   34.75000 2292.25483 2154.69635 2162.45185 2434.22452 2434.21070 2434.22724    0.31051    0.31051    0.31056    0.00001    0.00001    0.00084    0.00202    0.00283    0.00196    0.00554    0.00158    0.00917    0.00013    0.00051   -0.00064    0.98589  266.37311  291.71039  122.32145  280.00000    1.19138    1.07486    1.20439    2.28207    3.13176    2.22816
        655        222    2.00000   20.00000    4.00000   34.00000   35.50000   34.75000 2292.25336 2154.69660 2162.41616 2434.22464 2434.21117 2434.22727    0.31051    0.31051    0.31056    0.00001    0.00001    0.00080    0.00199    0.00279    0.00192    0.00543    0.00154    0.00896    0.00013    0.00049   -0.00062    0.98582  266.37003  291.71018  122.29736  280.00000    1.16372    1.04922    1.17642    2.24354    3.09397    2.18282
        665        222    2.00000   20.00000    4.00000   34.00000   35.50000   34.75000 2292.25190 2154.69684 2162.38065 2434.22476 2434.21162 2434.22730    0.31051    0.31051    0.31056    0.00001    0.00001    0.00077    0.00196    0.00276    0.00188    0.00533    0.00151    0.00876    0.00013    0.00048   -0.00061    0.98574  266.36698  291.70998  122.27339  280.00000    1.13715    1.02461    1.14955    2.20636    3.05745    2.13928
        675        222    2.00000   20.00000    4.00000   34.00000   35.50000   34.75000 2292.25043 2154.69705 2162.34531 2434.22487 2434.21205 2434.22733    0.31051    0.31051    0.31055    0.00001    0.00001    0.00074    0.00193    0.00273    0.00184    0.00523    0.00148    0.00856    0.00012    0.00047   -0.00059    0.98567  266.36393  291.70979  122.24954  280.00000    1.11161    1.00097    1.12372    2.17046    3.02214    2.09743
        685        222    2.00000   20.00000    4.00000   34.00000   35.50000   34.75000 2292.24897 2154.69726 2162.31014 2434.22497 2434.21245 2434.22735    0.31051    0.31051    0.31055    0.00001    0.00001    0.00071    0.00190    0.00270    0.00180    0.00513    0.00145    0.00837    0.00012    0.00046   -0.00058    0.98560  266.36090  291.70959  122.22582  280.00000    1.08704    0.97824    1.09888    2.13576    2.98796    2.05718
        695        222    2.00000   20.00000    4.00000   34.00000   35.50000   34.75000 2292.24751 2154.69744 2162.27515 2434.22507 2434.21284 2434.22737    0.31051    0.31051    0.31055    0.00001    0.00001    0.00069    0.00187    0.00267    0.00177    0.00503    0.00142    0.00819    0.00011    0.00045   -0.00056    0.98553  266.35789  291.70939  122.20222  280.00000    1.06338    0.95636    1.07496    2.10220    2.95487    2.01843
        705        222    2.00000   20.00000    4.00000   34.00000   35.50000   34.75000 2292.24605 2154.69762 2162.24032 2434.22517 2434.21321 2434.22740    0.31051    0.31051    0.31055    0.00001    0.00001    0.00066    0.00184    0.00264    0.00174    0.00494    0.00139    0.00801    0.00011    0.00044   -0.00055    0.98547  266.35489  291.70920  122.17874  280.00000    1.04060    0.93530    1.05191    2.06972    2.92281    1.98111
        715        222    2.00000   20.00000    4.00000   34.00000   35.50000   34.75000 2292.24459 2154.69778 2162.20566 2434.22526 2434.21357 2434.22742    0.31051    0.31051    0.31055    0.00001    0.00001    0.00064    0.00181    0.00261    0.00170    0.00485    0.00136    0.00784    0.00011    0.00043   -0.00054    0.98540  266.35190  291.70901  122.15538  280.00000    1.01863    0.91500    1.02969    2.03828    2.89173    1.94513
        725        222    2.00000   20.00000    4.00000   34.00000   35.50000   34.75000 2292.24314 2154.69793 2162.17117 2434.22534 2434.21390 2434.22744    0.31051    0.31051    0.31055    0.00001    0.00001    0.00061    0.00179    0.00259    0.00167    0.00476    0.00133    0.00768    0.00010    0.00042   -0.00053    0.98534  266.34893  291.70881  122.13214  280.00000    0.99744    0.89543    1.00826    2.00782    2.86158    1.91042
        735        222    2.00000   20.00000    4.00000   34.00000   35.50000   34.75000 2292.24169 2154.69807 2162.13684 2434.22542 2434.21423 2434.22746    0.31051    0.31051    0.31055    0.00001    0.00001    0.00059    0.00176    0.00256    0.00164    0.00468    0.00131    0.00752    0.00010    0.00041   -0.00051    0.98527  266.34597  291.70862  122.10901  280.00000    0.97699    0.87654    0.98757    1.97829    2.83232    1.87692
        745        222    2.00000   20.00000    4.00000   34.00000   35.50000   34.75000 2292.24025 2154.69820 2162.10267 2434.22550 2434.21454 2434.22747    0.31051    0.31051    0.31054    0.00001    0.00001    0.00057    0.00174    0.00253    0.00161    0.00459    0.00128    0.00737    0.00010    0.00041   -0.00050    0.98521  266.34302  291.70843  122.08600  280.00000    0.95723    0.85831    0.96759    1.94964    2.80391    1.84457
        755        222    2.00000   20.00000    4.00000   34.00000   35.50000   34.75000 2292.23881 2154.69832 2162.06867 2434.22557 2434.21483 2434.22749    0.31051    0.31051    0.31054    0.00001    0.00001    0.00055    0.00172    0.00251    0.00159    0.00451    0.00126    0.00723    0.00009    0.00040   -0.00049    0.98515  266.34009  291.70824  122.06311  280.00000    0.93813    0.84069    0.94827    1.92185    2.77631    1.81330
        765        222    2.00000   20.00000    4.00000   34.00000   35.50000   34.75000 2292.23737 2154.69842 2162.03483 2434.22564 2434.21512 2434.22751    0.31051    0.31051    0.31054    0.00001    0.00001    0.00054    0.00169    0.00249    0.00156    0.00444    0.00123    0.00708    0.00009    0.00039   -0.00048    0.98509  266.33717  291.70806  122.04033  280.00000    0.91967    0.82366    0.92960    1.89487    2.74949    1.78307
        775        222    2.00000   20.00000    4.00000   34.00000   35.50000   34.75000 2292.23594 2154.69853 2162.00115 2434.22571 2434.21539 2434.22752    0.31051    0.31051    0.31054    0.00001    0.00001    0.00052    0.00167    0.00246    0.00153    0.00436    0.00121    0.00695    0.00009    0.00038   -0.00047    0.98503  266.33427  291.70787  122.01767  280.00000    0.90180    0.80718    0.91152    1.86865    2.72340    1.75381
        785        222    2.00000   20.00000    4.00000   34.00000   35.50000   34.75000 2292.23451 2154.69862 2161.96763 2434.22577 2434.21566 2434.22754    0.31051    0.31051    0.31054    0.00001    0.00001    0.00050    0.00165    0.00244    0.00151    0.00429    0.00119    0.00681    0.00009    0.00038   -0.00046    0.98497  266.33137  291.70768  121.99512  280.00000    0.88451    0.79124    0.89403    1.84318    2.69803    1.72549
        795        222    2.00000   20.00000    4.00000   34.00000   35.50000   34.75000 2292.23308 2154.69870 2161.93427 2434.22583 2434.21591 2434.22755    0.31051    0.31051    0.31054    0.00001    0.00001    0.00049    0.00163    0.00242    0.00148    0.00422    0.00117    0.00668    0.00008    0.00037   -0.00045    0.98492  266.32850  291.70750  121.97268  280.00000    0.86776    0.77580    0.87709    1.81841    2.67333    1.69807
        805        222    2.00000   20.00000    4.00000   34.00000   35.50000   34.75000 2292.23166 2154.69878 2161.90106 2434.22589 2434.21615 2434.22756    0.31051    0.31051    0.31054    0.00001    0.00001    0.00047    0.00161    0.00240    0.00146    0.00415    0.00114    0.00656    0.00008    0.00036   -0.00044    0.98486  266.32563  291.70732  121.95035  280.00000    0.85152    0.76085    0.86066    1.79432    2.64929    1.67149
        815        222    2.00000   20.00000    4.00000   34.00000   35.50000   34.75000 2292.23025 2154.69885 2161.86801 2434.22595 2434.21638 2434.22758    0.31051    0.31051    0.31054    0.00001    0.00001    0.00046    0.00159    0.00238    0.00144    0.00408    0.00112    0.00644    0.00008    0.00036   -0.00044    0.98480  266.32278  291.70713  121.92813  280.00000    0.83579    0.74635    0.84475    1.77088    2.62587    1.64572
        825        222    2.00000   20.00000    4.00000   34.00000   35.50000   34.75000 2292.22884 2154.69892 2161.83512 2434.22600 2434.21661 2434.22759    0.31051    0.31051    0.31054    0.00001    0.00001    0.00044    0.00157    0.00236    0.00142    0.00402    0.00110    0.00632    0.00008    0.00035   -0.00043    0.98475  266.31994  291.70695  121.90602  280.00000    0.82052    0.73229    0.82930    1.74806    2.60305    1.62073
        835        222    2.00000   20.00000    4.00000   34.00000   35.50000   34.75000 2292.22743 2154.69898 2161.80237 2434.22606 2434.21683 2434.22760    0.31051    0.31051    0.31054    0.00001    0.00001    0.00043    0.00155    0.00234    0.00139    0.00395    0.00108    0.00621    0.00008    0.00034   -0.00042    0.98470  266.31711  291.70677  121.88402  280.00000    0.80571    0.71865    0.81432    1.72583    2.58081    1.59647
        845        222    2.00000   20.00000    4.00000   34.00000   35.50000   34.75000 2292.22603 2154.69903 2161.76979 2434.22610 2434.21703 2434.22761    0.31051    0.31051    0.31053    0.00001    0.00001    0.00042    0.00153    0.00232    0.00137    0.00389    0.00106    0.00610    0.00007    0.00034   -0.00041    0.98464  266.31430  291.70659  121.86213  280.00000    0.79132    0.70541    0.79977    1.70417    2.55912    1.57293
        855        222    2.00000   20.00000    4.00000   34.00000   35.50000   34.75000 2292.22464 2154.69908 2161.73735 2434.22615 2434.21724 2434.22762    0.31051    0.31051    0.31053    0.00001    0.00001    0.00040    0.00151    0.00230    0.00135    0.00383    0.00105    0.00599    0.00007    0.00033   -0.00040    0.98459  266.31150  291.70641  121.84035  280.00000    0.77736    0.69255    0.78564    1.68307    2.53796    1.55006
        865        222    2.00000   20.00000    4.00000   34.00000   35.50000   34.75000 2292.22324 2154.69912 2161.70507 2434.22620 2434.21743 2434.22763    0.31051    0.31051    0.31053    0.00001    0.00001    0.00039    0.00150    0.00228    0.00133    0.00377    0.00103    0.00589    0.00007    0.00033   -0.00040    0.98454  266.30871  291.70624  121.81867  280.00000    0.76378    0.68006    0.77191    1.66249    2.51732    1.52783
        875        222    2.00000   20.00000    4.00000   34.00000   35.50000   34.75000 2292.22186 2154.69916 2161.67293 2434.22624 2434.21762 2434.22764    0.31051    0.31051    0.31053    0.00001    0.00001    0.00038    0.00148    0.00226    0.00131    0.00371    0.00101    0.00579    0.00007    0.00032   -0.00039    0.98449  266.30594  291.70606  121.79710  280.00000    0.75059    0.66792    0.75856    1.64242    2.49717    1.50623
        885        222    2.00000   20.00000    4.00000   34.00000   35.50000   34.75000 2292.22048 2154.69920 2161.64095 2434.22628 2434.21780 2434.22765    0.31051    0.31051    0.31053    0.00001    0.00001    0.00037    0.00146    0.00225    0.00130    0.00366    0.00099    0.00569    0.00007    0.00032   -0.00038    0.98444  266.30318  291.70588  121.77564  280.00000    0.73776    0.65611    0.74559    1.62283    2.47749    1.48523
        895        222    2.00000   20.00000    4.00000   34.00000   35.50000   34.75000 2292.21910 2154.69922 2161.60912 2434.22633 2434.21798 2434.22766    0.31051    0.31051    0.31053    0.00001    0.00001    0.00036    0.00145    0.00223    0.00128    0.00360    0.00097    0.00559    0.00006    0.00031   -0.00038    0.98439  266.30043  291.70571  121.75428  280.00000    0.72528    0.64463    0.73296    1.60372    2.45827    1.46479
        905        222    2.00000   20.00000    4.00000   34.00000   35.50000   34.75000 2292.21773 2154.69925 2161.57743 2434.22636 2434.21815 2434.22767    0.31051    0.31051    0.31053    0.00001    0.00001    0.00035    0.00143    0.00221    0.00126    0.00355    0.00096    0.00550    0.00006    0.00031   -0.00037    0.98434  266.29769  291.70553  121.73302  280.00000    0.71313    0.63345    0.72067    1.58506    2.43950    1.44490
        915        222    2.00000   20.00000    4.00000   34.00000   35.50000   34.75000 2292.21636 2154.69927 2161.54589 2434.22640 2434.21831 2434.22767    0.31051    0.31051    0.31053    0.00001    0.00001    0.00034    0.00142    0.00220    0.00124    0.00350    0.00094    0.00541    0.00006    0.00030   -0.00037    0.98430  266.29497  291.70536  121.71187  280.00000    0.70130    0.62258    0.70871    1.56683    2.42115    1.42554
        925        222    2.00000   20.00000    4.00000   34.00000   35.50000   34.75000 2292.21500 2154.69929 2161.51449 2434.22644 2434.21847 2434.22768    0.31051    0.31051    0.31053    0.00001    0.00001    0.00033    0.00140    0.00218    0.00123    0.00345    0.00093    0.00532    0.00006    0.00030   -0.00036    0.98425  266.29226  291.70519  121.69082  280.00000    0.68979    0.61199    0.69706    1.54903    2.40321    1.40668
        935        222    2.00000   20.00000    4.00000   34.00000   35.50000   34.75000 2292.21365 2154.69930 2161.48325 2434.22647 2434.21862 2434.22769    0.31051    0.31051    0.31053    0.00001    0.00001    0.00033    0.00139    0.00217    0.00121    0.00340    0.00091    0.00523    0.00006    0.00029   -0.00035    0.98420  266.28956  291.70502  121.66987  280.00000    0.67857    0.60167    0.68571    1.53163    2.38567    1.38831
        945        222    2.00000   20.00000    4.00000   34.00000   35.50000   34.75000 2292.21230 2154.69932 2161.45214 2434.22651 2434.21877 2434.22770    0.31051    0.31051    0.31053    0.00001    0.00001    0.00032    0.00137    0.00215    0.00119    0.00335    0.00090    0.00515    0.00006    0.00029   -0.00035    0.98416  266.28687  291.70485  121.64903  280.00000    0.66763    0.59162    0.67465    1.51462    2.36851    1.37041
        955        222    2.00000   20.00000    4.00000   34.00000   35.50000   34.75000 2292.21095 2154.69932 2161.42118 2434.22654 2434.21892 2434.22770    0.31051    0.31051    0.31053    0.00000    0.00001    0.00031    0.00136    0.00214    0.00118    0.00330    0.00088    0.00507    0.00006    0.00029   -0.00034    0.98411  266.28420  291.70468  121.62828  280.00000    0.65697    0.58181    0.66387    1.49799    2.35172    1.35295
        965        222    2.00000   20.00000    4.00000   34.00000   35.50000   34.75000 2292.20961 2154.69933 2161.39037 2434.22657 2434.21906 2434.22771    0.31051    0.31051    0.31053    0.00000    0.00001    0.00030    0.00135    0.00212    0.00116    0.00325    0.00087    0.00499    0.00005    0.00028   -0.00034    0.98407  266.28154  291.70451  121.60764  280.00000    0.64658    0.57226    0.65336    1.48173    2.33530    1.33593
        975        222    2.00000   20.00000    4.00000   34.00000   35.50000   34.75000 2292.20828 2154.69933 2161.35970 2434.22660 2434.21919 2434.22772    0.31051    0.31051    0.31053    0.00000    0.00001    0.00029    0.00133    0.00211    0.00115    0.00321    0.00085    0.00491    0.00005    0.00028   -0.00033    0.98403  266.27889  291.70434  121.58710  280.00000    0.63644    0.56294    0.64310    1.46581    2.31922    1.31933
        985        222    2.00000   20.00000    4.00000   34.00000   35.50000   34.75000 2292.20695 2154.69933 2161.32916 2434.22663 2434.21932 2434.22772    0.31051    0.31051    0.31053    0.00000    0.00001    0.00029    0.00132    0.00209    0.00114    0.00316    0.00084    0.00484    0.00005    0.00028   -0.00033    0.98399  266.27625  291.70417  121.56665  280.00000    0.62654    0.55384    0.63309    1.45024    2.30347    1.30312
        995        222    2.00000   20.00000    4.00000   34.00000   35.50000   34.75000 2292.20563 2154.69933 2161.29877 2434.22666 2434.21945 2434.22773    0.31051    0.31051    0.31053    0.00000    0.00001    0.00028    0.00131    0.00208    0.00112    0.00312    0.00082    0.00476    0.00005    0.00027   -0.00032    0.98394  266.27362  291.70401  121.54631  280.00000    0.61688    0.54496    0.62333    1.43500    2.28806    1.28731
       1005        222    2.00000   20.00000    4.00000   34.00000   35.50000   34.75000 2292.20431 2154.69932 2161.26852 2434.22669 2434.21958 2434.22773    0.31051    0.31051    0.31053    0.00000    0.00001    0.00027    0.00129    0.00207    0.00111    0.00308    0.00081    0.00469    0.00005    0.00027   -0.00032    0.98390  266.27101  291.70384  121.52606  280.00000    0.60745    0.53630    0.61379    1.42007    2.27296    1.27187
       1015        222    2.00000   20.00000    4.00000   34.00000   35.50000   34.75000 2292.20299 2154.69931 2161.23841 2434.22672 2434.21970 2434.22774    0.31051    0.31051    0.31053    0.00000    0.00001    0.00027    0.00128    0.00206    0.00109    0.00304    0.00080    0.00462    0.00005    0.00026   -0.00031    0.98386  266.26841  291.70368  121.50591  280.00000    0.59824    0.52783    0.60448    1.40546    2.25816    1.25679
       1025        222    2.00000   20.00000    4.00000   34.00000   35.50000   34.75000 2292.20169 2154.69930 2161.20844 2434.22674 2434.21982 2434.22774    0.31051    0.31051    0.31052    0.00000    0.00001    0.00026    0.00127    0.00204    0.00108    0.00299    0.00079    0.00455    0.00005    0.00026   -0.00031    0.98382  266.26582  291.70351  121.48586  280.00000    0.58925    0.51956    0.59538    1.39114    2.24366    1.24205
       1035        222    2.00000   20.00000    4.00000   34.00000   35.50000   34.75000 2292.20038 2154.69929 2161.17861 2434.22677 2434.21993 2434.22775    0.31051    0.31051    0.31052    0.00000    0.00001    0.00025    0.00126    0.00203    0.00107    0.00295    0.00077    0.00448    0.00005    0.00026   -0.00031    0.98378  266.26324  291.70335  121.46591  280.00000    0.58046    0.51149    0.58649    1.37711    2.22945    1.22766
       1045        222    2.00000   20.00000    4.00000   34.00000   35.50000   34.75000 2292.19909 2154.69928 2161.14891 2434.22679 2434.22004 2434.22775    0.31051    0.31051    0.31052    0.00000    0.00001    0.00025    0.00125    0.00202    0.00106    0.00291    0.00076    0.00442    0.00005    0.00025   -0.00030    0.98374  266.26068  291.70319  121.44605  280.00000    0.57186    0.50359    0.57780    1.36337    2.21551    1.21359
       1055        222    2.00000   20.00000    4.00000   34.00000   35.50000   34.75000 2292.19780 2154.69926 2161.11935 2434.22681 2434.22015 2434.22776    0.31051    0.31051    0.31052    0.00000    0.00001    0.00024    0.00124    0.00201    0.00104    0.00288    0.00075    0.00435    0.00005    0.00025   -0.00030    0.98370  266.25812  291.70303  121.42629  280.00000    0.56346    0.49587    0.56930    1.34989    2.20185    1.19983
       1065        222    2.00000   20.00000    4.00000   34.00000   35.50000   34.75000 2292.19651 2154.69924 2161.08993 2434.22684 2434.22025 2434.22776    0.31051    0.31051    0.31052    0.00000    0.00001    0.00024    0.00123    0.00199    0.00103    0.00284    0.00074    0.00429    0.00004    0.00025   -0.00029    0.98367  266.25558  291.70287  121.40662  280.00000    0.55525    0.48832    0.56100    1.33668    2.18845    1.18638
       1075        222    2.00000   20.00000    4.00000   34.00000   35.50000   34.75000 2292.19523 2154.69922 2161.06064 2434.22686 2434.22036 2434.22777    0.31051    0.31051    0.31052    0.00000    0.00001    0.00023    0.00121    0.00198    0.00102    0.00280    0.00073    0.00423    0.00004    0.00025   -0.00029    0.98363  266.25305  291.70271  121.38705  280.00000    0.54721    0.48094    0.55287    1.32372    2.17531    1.17322
       1085        222    2.00000   20.00000    4.00000   34.00000   35.50000   34.75000 2292.19395 2154.69920 2161.03149 2434.22688 2434.22046 2434.22777    0.31051    0.31051    0.31052    0.00000    0.00001    0.00023    0.00120    0.00197    0.00101    0.00276    0.00071    0.00417    0.00004    0.00024   -0.00029    0.98359  266.25053  291.70255  121.36757  280.00000    0.53935    0.47371    0.54492    1.31102    2.16241    1.16034
       1095        222    2.00000   20.00000    4.00000   34.00000   35.50000   34.75000 2292.19268 2154.69918 2161.00247 2434.22690 2434.22055 2434.22778    0.31051    0.31051    0.31052    0.00000    0.00001    0.00022    0.00119    0.00196    0.00100    0.00273    0.00070    0.00411    0.00004    0.00024   -0.00028    0.98356  266.24802  291.70239  121.34818  280.00000    0.53166    0.46664    0.53714    1.29855    2.14976    1.14774
       1105        222    2.00000   20.00000    4.00000   34.00000   35.50000   34.75000 2292.19142 2154.69915 2160.97359 2434.22692 2434.22065 2434.22778    0.31051    0.31051    0.31052    0.00000    0.00001    0.00022    0.00118    0.00195    0.00099    0.00269    0.00069    0.00405    0.00004    0.00024   -0.00028    0.98352  266.24553  291.70223  121.32889  280.00000    0.52413    0.45972    0.52953    1.28632    2.13733    1.13541
       1115        222    2.00000   20.00000    4.00000   34.00000   35.50000   34.75000 2292.19016 2154.69913 2160.94483 2434.22694 2434.22074 2434.22778    0.31051    0.31051    0.31052    0.00000    0.00001    0.00021    0.00117    0.00194    0.00098    0.00266    0.00068    0.00400    0.00004    0.00023   -0.00028    0.98349  266.24304  291.70208  121.30969  280.00000    0.51675    0.45294    0.52207    1.27431    2.12514    1.12333
       1125        222    2.00000   20.00000    4.00000   34.00000   35.50000   34.75000 2292.18891 2154.69910 2160.91621 2434.22696 2434.22083 2434.22779    0.31051    0.31051    0.31052    0.00000    0.00001    0.00021    0.00116    0.00193    0.00097    0.00262    0.00067    0.00394    0.00004    0.00023   -0.00027    0.98345  266.24057  291.70192  121.29059  280.00000    0.50953    0.44631    0.51477    1.26253    2.11317    1.11150
       1135        222    2.00000   20.00000    4.00000   34.00000   35.50000   34.75000 2292.18766 2154.69907 2160.88773 2434.22698 2434.22092 2434.22779    0.31051    0.31051    0.31052    0.00000    0.00001    0.00020    0.00115    0.00192    0.00096    0.00259    0.00066    0.00389    0.00004    0.00023   -0.00027    0.98342  266.23811  291.70177  121.27157  280.00000    0.50246    0.43981    0.50762    1.25095    2.10142    1.09992
       1145        222    2.00000   20.00000    4.00000   34.00000   35.50000   34.75000 2292.18641 2154.69904 2160.85937 2434.22700 2434.22100 2434.22779    0.31051    0.31051    0.31052    0.00000    0.00001    0.00020    0.00114    0.00191    0.00095    0.00256    0.00065    0.00383    0.00004    0.00023   -0.00027    0.98338  266.23566  291.70161  121.25265  280.00000    0.49553    0.43344    0.50062    1.23959    2.08987    1.08857
       1155        222    2.00000   20.00000    4.00000   34.00000   35.50000   34.75000 2292.18517 2154.69901 2160.83114 2434.22702 2434.22109 2434.22780    0.31051    0.31051    0.31052    0.00000    0.00001    0.00020    0.00113    0.00190    0.00094    0.00253    0.00064    0.00378    0.00004    0.00022   -0.00026    0.98335  266.23322  291.70146  121.23381  280.00000    0.48874    0.42720    0.49375    1.22843    2.07853    1.07745
       1165        222    2.00000   20.00000    4.00000   34.00000   35.50000   34.75000 2292.18394 2154.69898 2160.80304 2434.22703 2434.22117 2434.22780    0.31051    0.31051    0.31052    0.00000    0.00001    0.00019    0.00113    0.00189    0.00093    0.00250    0.00063    0.00373    0.00004    0.00022   -0.00026    0.98332  266.23079  291.70130  121.21507  280.00000    0.48209    0.42108    0.48703    1.21747    2.06739    1.06655
       1175        222    2.00000   20.00000    4.00000   34.00000   35.50000   34.75000 2292.18271 2154.69894 2160.77508 2434.22705 2434.22125 2434.22780    0.31051    0.31051    0.31052    0.00000    0.00001    0.00019    0.00112    0.00188    0.00092    0.00246    0.00062    0.00368    0.00004    0.00022   -0.00026    0.98329  266.22837  291.70115  121.19642  280.00000    0.47557    0.41509    0.48043    1.20670    2.05644    1.05586
       1185        222    2.00000   20.00000    4.00000   34.00000   35.50000   34.75000 2292.18149 2154.69891 2160.74724 2434.22707 2434.22132 2434.22781    0.31051    0.31051    0.31052    0.00000    0.00001    0.00019    0.00111    0.00187    0.00091    0.00243    0.00061    0.00363    0.00004    0.00022   -0.00025    0.98325  266.22596  291.70100  121.17785  280.00000    0.46917    0.40921    0.47396    1.19611    2.04569    1.04538
       1195        222    2.00000   20.00000    4.00000   34.00000   35.50000   34.75000 2292.18027 2154.69887 2160.71952 2434.22708 2434.22140 2434.22781    0.31051    0.31051    0.31052    0.00000    0.00001    0.00018    0.00110    0.00186    0.00090    0.00240    0.00060    0.00358    0.00003    0.00022   -0.00025    0.98322  266.22357  291.70085  121.15938  280.00000    0.46290    0.40344    0.46762    1.18571    2.03511    1.03511
       1205        222    2.00000   20.00000    4.00000   34.00000   35.50000   34.75000 2292.17906 2154.69883 2160.69194 2434.22710 2434.22147 2434.22781    0.31051    0.31051    0.31052    0.00000    0.00001    0.00018    0.00109    0.00185    0.00089    0.00237    0.00059    0.00354    0.00003    0.00021   -0.00025    0.98319  266.22118  291.70070  121.14099  280.00000    0.45675    0.39779    0.46141    1.17549    2.02472    1.02503
       1215        222    2.00000   20.00000    4.00000   34.00000   35.50000   34.75000 2292.17786 2154.69880 2160.66448 2434.22711 2434.22155 2434.22782    0.31051    0.31051    0.31052    0.00000    0.00001    0.00017    0.00108    0.00184    0.00088    0.00235    0.00059    0.00349    0.00003    0.00021   -0.00024    0.98316  266.21881  291.70055  121.12269  280.00000    0.45071    0.39224    0.45530    1.16543    2.01450    1.01514
       1225        222    2.00000   20.00000    4.00000   34.00000   35.50000   34.75000 2292.17665 2154.69876 2160.63715 2434.22713 2434.22162 2434.22782    0.31051    0.31051    0.31052    0.00000    0.00001    0.00017    0.00107    0.00184    0.00087    0.00232    0.00058    0.00345    0.00003    0.00021   -0.00024    0.98313  266.21645  291.70040  121.10448  280.00000    0.44479    0.38679    0.44932    1.15555    2.00446    1.00544
       1235        222    2.00000   20.00000    4.00000   34.00000   35.50000   34.75000 2292.17546 2154.69872 2160.60994 2434.22714 2434.22168 2434.22782    0.31051    0.31051    0.31052    0.00000    0.00001    0.00017    0.00107    0.00183    0.00086    0.00229    0.00057    0.00340    0.00003    0.00021   -0.00024    0.98310  266.21410  291.70025  121.08636  280.00000    0.43898    0.38145    0.44344    1.14583    1.99458    0.99592
       1245        222    2.00000   20.00000    4.00000   34.00000   35.50000   34.75000 2292.17427 2154.69868 2160.58286 2434.22715 2434.22175 2434.22782    0.31051    0.31051    0.31052    0.00000    0.00001    0.00017    0.00106    0.00182    0.00086    0.00226    0.00056    0.00336    0.00003    0.00021   -0.00024    0.98307  266.21176  291.70011  121.06832  280.00000    0.43327    0.37621    0.43768    1.13627    1.98486    0.98657
       1255        222    2.00000   20.00000    4.00000   34.00000   35.50000   34.75000 2292.17308 2154.69864 2160.55590 2434.22717 2434.22182 2434.22783    0.31051    0.31051    0.31052    0.00000    0.00001    0.00016    0.00105    0.00181    0.00085    0.00224    0.00055    0.00332    0.00003    0.00020   -0.00023    0.98304  266.20943  291.69996  121.05037  280.00000    0.42767    0.37106    0.43202    1.12686    1.97530    0.97739
       1265        222    2.00000   20.00000    4.00000   34.00000   35.50000   34.75000 2292.17190 2154.69860 2160.52907 2434.22718 2434.22188 2434.22783    0.31051    0.31051    0.31052    0.00000    0.00001    0.00016    0.00104    0.00180    0.00084    0.00221    0.00054    0.00327    0.00003    0.00020   -0.00023    0.98301  266.20711  291.69982  121.03251  280.00000    0.42217    0.36600    0.42646    1.11760    1.96590    0.96838
       1275        222    2.00000   20.00000    4.00000   34.00000   35.50000   34.75000 2292.17073 2154.69855 2160.50236 2434.22719 2434.22194 2434.22783    0.31051    0.31051    0.31052    0.00000    0.00001    0.00016    0.00104    0.00180    0.00083    0.00218    0.00054    0.00323    0.00003    0.00020   -0.00023    0.98299  266.20480  291.69967  121.01473  280.00000    0.41677    0.36103    0.42100    1.10850    1.95665    0.95953
       1285        222    2.00000   20.00000    4.00000   34.00000   35.50000   34.75000 2292.16956 2154.69851 2160.47577 2434.22721 2434.22201 2434.22783    0.31051    0.31051    0.31052    0.00000    0.00001    0.00015    0.00103    0.00179    0.00083    0.00216    0.00053    0.00319    0.00003    0.00020   -0.00023    0.98296  266.20250  291.69953  120.99703  280.00000    0.41147    0.35615    0.41564    1.09954    1.94755    0.95084
       1295        222    2.00000   20.00000    4.00000   34.00000   35.50000   34.75000 2292.16839 2154.69847 2160.44930 2434.22722 2434.22207 2434.22784    0.31051    0.31051    0.31052    0.00000    0.00001    0.00015    0.00102    0.00178    0.00082    0.00213    0.00052    0.00315    0.00003    0.00020   -0.00023    0.98293  266.20021  291.69938  120.97942  280.00000    0.40625    0.35136    0.41037    1.09071    1.93859    0.94230
       1305        222    2.00000   20.00000    4.00000   34.00000   35.50000   34.75000 2292.16723 2154.69842 2160.42295 2434.22723 2434.22213 2434.22784    0.31051    0.31051    0.31052    0.00000    0.00001    0.00015    0.00101    0.00177    0.00081    0.00211    0.00051    0.00311    0.00003    0.00019   -0.00022    0.98290  266.19793  291.69924  120.96189  280.00000    0.40113    0.34665    0.40520    1.08203    1.92977    0.93391
       1315        222    2.00000   20.00000    4.00000   34.00000   35.50000   34.75000 2292.16607 2154.69838 2160.39673 2434.22724 2434.22218 2434.22784    0.31051    0.31051    0.31052    0.00000    0.00001    0.00015    0.00101    0.00176    0.00080    0.00208    0.00050    0.00307    0.00003    0.00019   -0.00022    0.98288  266.19567  291.69910  120.94445  280.00000    0.39610    0.34202    0.40011    1.07348    1.92109    0.92567
       1325        222    2.00000   20.00000    4.00000   34.00000   35.50000   34.75000 2292.16492 2154.69833 2160.37062 2434.22725 2434.22224 2434.22784    0.31051    0.31051    0.31052    0.00000    0.00001    0.00014    0.00100    0.00176    0.00080    0.00206    0.00050    0.00304    0.00003    0.00019   -0.00022    0.98285  266.19341  291.69896  120.92709  280.00000    0.39116    0.33747    0.39512    1.06506    1.91255    0.91756
       1335        222    2.00000   20.00000    4.00000   34.00000   35.50000   34.75000 2292.16378 2154.69829 2160.34464 2434.22726 2434.22229 2434.22784    0.31051    0.31051    0.31052    0.00000    0.00001    0.00014    0.00099    0.00175    0.00079    0.00203    0.00049    0.00300    0.00003    0.00019   -0.00022    0.98282  266.19116  291.69881  120.90981  280.00000    0.38630    0.33300    0.39020    1.05677    1.90414    0.90960
       1345        222    2.00000   20.00000    4.00000   34.00000   35.50000   34.75000 2292.16264 2154.69824 2160.31877 2434.22727 2434.22235 2434.22785    0.31051    0.31051    0.31052    0.00000    0.00001    0.00014    0.00099    0.00174    0.00078    0.00201    0.00048    0.00296    0.00003    0.00019   -0.00021    0.98280  266.18893  291.69867  120.89262  280.00000    0.38152    0.32860    0.38537    1.04860    1.89586    0.90176
       1355        222    2.00000   20.00000    4.00000   34.00000   35.50000   34.75000 2292.16151 2154.69819 2160.29303 2434.22728 2434.22240 2434.22785    0.31051    0.31051    0.31052    0.00000    0.00001    0.00014    0.00098    0.00174    0.00078    0.00199    0.00048    0.00293    0.00003    0.00019   -0.00021    0.98277  266.18670  291.69853  120.87550  280.00000    0.37682    0.32428    0.38063    1.04056    1.88771    0.89406
       1365        222    2.00000   20.00000    4.00000   34.00000   35.50000   34.75000 2292.16038 2154.69815 2160.26740 2434.22729 2434.22245 2434.22785    0.31051    0.31051    0.31052    0.00000    0.00001    0.00013    0.00097    0.00173    0.00077    0.00196    0.00047    0.00289    0.00003    0.00018   -0.00021    0.98275  266.18449  291.69840  120.85847  280.00000    0.37220    0.32002    0.37596    1.03263    1.87967    0.88649
       1375        222    2.00000   20.00000    4.00000   34.00000   35.50000   34.75000 2292.15925 2154.69810 2160.24188 2434.22730 2434.22250 2434.22785    0.31051    0.31051    0.31052    0.00000    0.00001    0.00013    0.00097    0.00172    0.00076    0.00194    0.00046    0.00286    0.00003    0.00018   -0.00021    0.98272  266.18228  291.69826  120.84152  280.00000    0.36765    0.31584    0.37137    1.02482    1.87177    0.87904
       1385        222    2.00000   20.00000    4.00000   34.00000   35.50000   34.75000 2292.15813 2154.69805 2160.21649 2434.22731 2434.22255 2434.22785    0.31051    0.31051    0.31052    0.00000    0.00001    0.00013    0.00096    0.00172    0.00076    0.00192    0.00046    0.00282    0.00003    0.00018   -0.00021    0.98270  266.18009  291.69812  120.82465  280.00000    0.36318    0.31173    0.36685    1.01713    1.86398    0.87172
       1395        222    2.00000   20.00000    4.00000   34.00000   35.50000   34.75000 2292.15702 2154.69800 2160.19121 2434.22732 2434.22260 2434.22786    0.31051    0.31051    0.31052    0.00000    0.00001    0.00013    0.00095    0.00171    0.00075    0.00190    0.00045    0.00279    0.00003    0.00018   -0.00021    0.98268  266.17790  291.69798  120.80786  280.00000    0.35879    0.30768    0.36241    1.00955    1.85630    0.86451
       1405        222    2.00000   20.00000    4.00000   34.00000   35.50000   34.75000 2292.15591 2154.69795 2160.16605 2434.22733 2434.22265 2434.22786    0.31051    0.31051    0.31052    0.00000    0.00001    0.00013    0.00095    0.00170    0.00074    0.00188    0.00044    0.00276    0.00002    0.00018   -0.00020    0.98265  266.17572  291.69785  120.79115  280.00000    0.35446    0.30369    0.35803    1.00207    1.84874    0.85741
       1415        222    2.00000   20.00000    4.00000   34.00000   35.50000   34.75000 2292.15480 2154.69790 2160.14100 2434.22734 2434.22270 2434.22786    0.31051    0.31051    0.31052    0.00000    0.00001    0.00012    0.00094    0.00170    0.00074    0.00186    0.00044    0.00272    0.00002    0.00018   -0.00020    0.98263  266.17356  291.69771  120.77452  280.00000    0.35020    0.29977    0.35373    0.99471    1.84129    0.85043
       1425        222    2.00000   20.00000    4.00000   34.00000   35.50000   34.75000 2292.15370 2154.69785 2160.11606 2434.22735 2434.22274 2434.22786    0.31051    0.31051    0.31052    0.00000    0.00001    0.00012    0.00093    0.00169    0.00073    0.00183    0.00043    0.00269    0.00002    0.00018   -0.00020    0.98260  266.17140  291.69758  120.75797  280.00000    0.34601    0.29591    0.34950    0.98744    1.83395    0.84356
       1435        222    2.00000   20.00000    4.00000   34.00000   35.50000   34.75000 2292.15260 2154.69780 2160.09124 2434.22736 2434.22279 2434.22786    0.31051    0.31051    0.31052    0.00000    0.00001    0.00012    0.00093    0.00168    0.00073    0.00181    0.00042    0.00266    0.00002    0.00017   -0.00020    0.98258  266.16926  291.69744  120.74150  280.00000    0.34188    0.29211    0.34533    0.98028    1.82672    0.83680
       1445        222    2.00000   20.00000    4.00000   34.00000   35.50000   34.75000 2292.15151 2154.69775 2160.06654 2434.22737 2434.22283 2434.22786    0.31051    0.31051    0.31052    0.00000    0.00001    0.00012    0.00092    0.00168    0.00072    0.00179    0.00042    0.00263    0.00002    0.00017   -0.00020    0.98256  266.16712  291.69731  120.72510  280.00000    0.33782    0.28837    0.34123    0.97322    1.81959    0.83014
       1455        222    2.00000   20.00000    4.00000   34.00000   35.50000   34.75000 2292.15043 2154.69770 2160.04195 2434.22738 2434.22288 2434.22786    0.31051    0.31051    0.31052    0.00000    0.00001    0.00012    0.00092    0.00167    0.00071    0.00177    0.00041    0.00260    0.00002    0.00017   -0.00019    0.98254  266.16500  291.69717  120.70878  280.00000    0.33383    0.28469    0.33719    0.96626    1.81257    0.82359
       1465        222    2.00000   20.00000    4.00000   34.00000   35.50000   34.75000 2292.14935 2154.69765 2160.01747 2434.22739 2434.22292 2434.22787    0.31051    0.31051    0.31052    0.00000    0.00000    0.00011    0.00091    0.00167    0.00071    0.00175    0.00040    0.00257    0.00002    0.00017   -0.00019    0.98252  266.16288  291.69704  120.69255  280.00000    0.32989    0.28106    0.33321    0.95939    1.80564    0.81714
       1475        222    2.00000   20.00000    4.00000   34.00000   35.50000   34.75000 2292.14827 2154.69760 2159.99310 2434.22739 2434.22296 2434.22787    0.31051    0.31051    0.31052    0.00000    0.00000    0.00011    0.00091    0.00166    0.00070    0.00173    0.00040    0.00254    0.00002    0.00017   -0.00019    0.98249  266.16077  291.69691  120.67638  280.00000    0.32601    0.27749    0.32930    0.95261    1.79881    0.81078
       1485        222    2.00000   20.00000    4.00000   34.00000   35.50000   34.75000 2292.14720 2154.69755 2159.96884 2434.22740 2434.22300 2434.22787    0.31051    0.31051    0.31052    0.00000    0.00000    0.00011    0.00090    0.00166    0.00070    0.00172    0.00039    0.00251    0.00002    0.00017   -0.00019    0.98247  266.15868  291.69678  120.66030  280.00000    0.32219    0.27397    0.32544    0.94593    1.79209    0.80452
       1495        222    2.00000   20.00000    4.00000   34.00000   35.50000   34.75000 2292.14613 2154.69750 2159.94470 2434.22741 2434.22304 2434.22787    0.31051    0.31051    0.31052    0.00000    0.00000    0.00011    0.00089    0.00165    0.00069    0.00170    0.00039    0.00248    0.00002    0.00017   -0.00019    0.98245  266.15659  291.69665  120.64429  280.00000    0.31843    0.27050    0.32164    0.93934    1.78545    0.79835
       1505        222    2.00000   20.00000    4.00000   34.00000   35.50000   34.75000 2292.14507 2154.69745 2159.92066 2434.22742 2434.22308 2434.22787    0.31051    0.31051    0.31052    0.00000    0.00000    0.00011    0.00089    0.00164    0.00069    0.00168    0.00038    0.00245    0.00002    0.00017   -0.00019    0.98243  266.15451  291.69652  120.62836  280.00000    0.31473    0.26709    0.31790    0.93283    1.77891    0.79228
       1515        222    2.00000   20.00000    4.00000   34.00000   35.50000   34.75000 2292.14402 2154.69740 2159.89673 2434.22742 2434.22312 2434.22787    0.31051    0.31051    0.31052    0.00000    0.00000    0.00011    0.00088    0.00164    0.00068    0.00166    0.00038    0.00243    0.00002    0.00016   -0.00019    0.98241  266.15244  291.69639  120.61250  280.00000    0.31108    0.26372    0.31421    0.92642    1.77246    0.78629
       1525        222    2.00000   20.00000    4.00000   34.00000   35.50000   34.75000 2292.14296 2154.69734 2159.87292 2434.22743 2434.22316 2434.22787    0.31051    0.31051    0.31052    0.00000    0.00000    0.00010    0.00088    0.00163    0.00068    0.00164    0.00037    0.00240    0.00002    0.00016   -0.00018    0.98239  266.15038  291.69626  120.59672  280.00000    0.30748    0.26040    0.31058    0.92008    1.76610    0.78039
       1535        222    2.00000   20.00000    4.00000   34.00000   35.50000   34.75000 2292.14192 2154.69729 2159.84921 2434.22744 2434.22320 2434.22788    0.31051    0.31051    0.31051    0.00000    0.00000    0.00010    0.00087    0.00163    0.00067    0.00162    0.00037    0.00237    0.00002    0.00016   -0.00018    0.98237  266.14833  291.69613  120.58101  280.00000    0.30394    0.25713    0.30700    0.91383    1.75983    0.77458
       1545        222    2.00000   20.00000    4.00000   34.00000   35.50000   34.75000 2292.14087 2154.69724 2159.82561 2434.22745 2434.22323 2434.22788    0.31051    0.31051    0.31051    0.00000    0.00000    0.00010    0.00087    0.00162    0.00067    0.00160    0.00036    0.00234    0.00002    0.00016   -0.00018    0.98235  266.14629  291.69600  120.56538  280.00000    0.30044    0.25391    0.30347    0.90766    1.75364    0.76885
       1555        222    2.00000   20.00000    4.00000   34.00000   35.50000   34.75000 2292.13983 2154.69719 2159.80212 2434.22745 2434.22327 2434.22788    0.31051    0.31051    0.31051    0.00000    0.00000    0.00010    0.00086    0.00162    0.00066    0.00159    0.00036    0.00232    0.00002    0.00016   -0.00018    0.98233  266.14426  291.69588  120.54982  280.00000    0.29700    0.25074    0.29999    0.90157    1.74754    0.76320
       1565        222    2.00000   20.00000    4.00000   34.00000   35.50000   34.75000 2292.13880 2154.69713 2159.77874 2434.22746 2434.22330 2434.22788    0.31051    0.31051    0.31051    0.00000    0.00000    0.00010    0.00086    0.00161    0.00066    0.00157    0.00035    0.00229    0.00002    0.00016   -0.00018    0.98231  266.14224  291.69575  120.53433  280.00000    0.29360    0.24760    0.29656    0.89556    1.74153    0.75764
       1575        222    2.00000   20.00000    4.00000   34.00000   35.50000   34.75000 2292.13777 2154.69708 2159.75547 2434.22747 2434.22334 2434.22788    0.31051    0.31051    0.31051    0.00000    0.00000    0.00010    0.00085    0.00161    0.00065    0.00155    0.00035    0.00227    0.00002    0.00016   -0.00018    0.98229  266.14023  291.69562  120.51892  280.00000    0.29026    0.24452    0.29319    0.88962    1.73559    0.75215
       1585        222    2.00000   20.00000    4.00000   34.00000   35.50000   34.75000 2292.13675 2154.69703 2159.73230 2434.22747 2434.22337 2434.22788    0.31051    0.31051    0.31051    0.00000    0.00000    0.00010    0.00085    0.00160    0.00065    0.00154    0.00034    0.00224    0.00002    0.00016   -0.00018    0.98227  266.13822  291.69550  120.50358  280.00000    0.28696    0.24147    0.28985    0.88376    1.72974    0.74674
       1595        222    2.00000   20.00000    4.00000   34.00000   35.50000   34.75000 2292.13573 2154.69697 2159.70923 2434.22748 2434.22341 2434.22788    0.31051    0.31051    0.31051    0.00000    0.00000    0.00009    0.00084    0.00160    0.00064    0.00152    0.00034    0.00222    0.00002    0.00016   -0.00017    0.98226  266.13623  291.69537  120.48832  280.00000    0.28371    0.23847    0.28657    0.87797    1.72396    0.74140
       1605        222    2.00000   20.00000    4.00000   34.00000   35.50000   34.75000 2292.13471 2154.69692 2159.68627 2434.22748 2434.22344 2434.22788    0.31051    0.31051    0.31051    0.00000    0.00000    0.00009    0.00084    0.00159    0.00064    0.00150    0.00033    0.00219    0.00002    0.00015   -0.00017    0.98224  266.13425  291.69525  120.47312  280.00000    0.28050    0.23551    0.28333    0.87226    1.71826    0.73614
       1615        222    2.00000   20.00000    4.00000   34.00000   35.50000   34.75000 2292.13370 2154.69687 2159.66342 2434.22749 2434.22347 2434.22788    0.31051    0.31051    0.31051    0.00000    0.00000    0.00009    0.00083    0.00159    0.00063    0.00149    0.00033    0.00217    0.00002    0.00015   -0.00017    0.98222  266.13227  291.69512  120.45800  280.00000    0.27733    0.23259    0.28013    0.86661    1.71264    0.73095
       1625        222    2.00000   20.00000    4.00000   34.00000   35.50000   34.75000 2292.13270 2154.69681 2159.64067 2434.22750 2434.22350 2434.22788    0.31051    0.31051    0.31051    0.00000    0.00000    0.00009    0.00083    0.00158    0.00063    0.00147    0.00032    0.00214    0.00002    0.00015   -0.00017    0.98220  266.13030  291.69500  120.44295  280.00000    0.27421    0.22970    0.27698    0.86104    1.70709    0.72583
       1635        222    2.00000   20.00000    4.00000   34.00000   35.50000   34.75000 2292.13169 2154.69676 2159.61803 2434.22750 2434.22354 2434.22789    0.31051    0.31051    0.31051    0.00000    0.00000    0.00009    0.00083    0.00158    0.00062    0.00145    0.00032    0.00212    0.00002    0.00015   -0.00017    0.98218  266.12834  291.69488  120.42797  280.00000    0.27113    0.22686    0.27387    0.85553    1.70161    0.72078
       1645        222    2.00000   20.00000    4.00000   34.00000   35.50000   34.75000 2292.13070 2154.69671 2159.59549 2434.22751 2434.22357 2434.22789    0.31051    0.31051    0.31051    0.00000    0.00000    0.00009    0.00082    0.00157    0.00062    0.00144    0.00031    0.00210    0.00002    0.00015   -0.00017    0.98217  266.12640  291.69476  120.41306  280.00000    0.26810    0.22405    0.27081    0.85009    1.69621    0.71580
       1655        222    2.00000   20.00000    4.00000   34.00000   35.50000   34.75000 2292.12970 2154.69665 2159.57305 2434.22751 2434.22360 2434.22789    0.31051    0.31051    0.31051    0.00000    0.00000    0.00009    0.00082    0.00157    0.00062    0.00142    0.00031    0.00207    0.00002    0.00015   -0.00017    0.98215  266.12446  291.69464  120.39822  280.00000    0.26510    0.22129    0.26778    0.84472    1.69088    0.71088
       1665        222    2.00000   20.00000    4.00000   34.00000   35.50000   34.75000 2292.12872 2154.69660 2159.55071 2434.22752 2434.22363 2434.22789    0.31051    0.31051    0.31051    0.00000    0.00000    0.00009    0.00081    0.00157    0.00061    0.00141    0.00030    0.00205    0.00002    0.00015   -0.00017    0.98213  266.12252  291.69452  120.38346  280.00000    0.26214    0.21855    0.26480    0.83940    1.68562    0.70603
       1675        222    2.00000   20.00000    4.00000   34.00000   35.50000   34.75000 2292.12773 2154.69655 2159.52848 2434.22752 2434.22366 2434.22789    0.31051    0.31051    0.31051    0.00000    0.00000    0.00008    0.00081    0.00156    0.00061    0.00139    0.00030    0.00203    0.00002    0.00015   -0.00017    0.98212  266.12060  291.69439  120.36876  280.00000    0.25923    0.21586    0.26185    0.83416    1.68043    0.70124
       1685        222    2.00000   20.00000    4.00000   34.00000   35.50000   34.75000 2292.12675 2154.69649 2159.50635 2434.22753 2434.22368 2434.22789    0.31051    0.31051    0.31051    0.00000    0.00000    0.00008    0.00080    0.00156    0.00060    0.00138    0.00029    0.00201    0.00002    0.00015   -0.00016    0.98210  266.11869  291.69428  120.35413  280.00000    0.25635    0.21320    0.25894    0.82897    1.67530    0.69652
       1695        222    2.00000   20.00000    4.00000   34.00000   35.50000   34.75000 2292.12578 2154.69644 2159.48432 2434.22754 2434.22371 2434.22789    0.31051    0.31051    0.31051    0.00000    0.00000    0.00008    0.00080    0.00155    0.00060    0.00136    0.00029    0.00199    0.00002    0.00015   -0.00016    0.98208  266.11678  291.69416  120.33957  280.00000    0.25351    0.21057    0.25608    0.82385    1.67024    0.69185
       1705        222    2.00000   20.00000    4.00000   34.00000   35.50000   34.75000 2292.12481 2154.69639 2159.46239 2434.22754 2434.22374 2434.22789    0.31051    0.31051    0.31051    0.00000    0.00000    0.00008    0.00079    0.00155    0.00059    0.00135    0.00029    0.00196    0.00002    0.00015   -0.00016    0.98207  266.11489  291.69404  120.32508  280.00000    0.25070    0.20797    0.25324    0.81879    1.66525    0.68725
       1715        222    2.00000   20.00000    4.00000   34.00000   35.50000   34.75000 2292.12384 2154.69633 2159.44056 2434.22755 2434.22377 2434.22789    0.31051    0.31051    0.31051    0.00000    0.00000    0.00008    0.00079    0.00154    0.00059    0.00133    0.00028    0.00194    0.00002    0.00014   -0.00016    0.98205  266.11300  291.69392  120.31066  280.00000    0.24793    0.20541    0.25045    0.81378    1.66032    0.68271
       1725        222    2.00000   20.00000    4.00000   34.00000   35.50000   34.75000 2292.12288 2154.69628 2159.41883 2434.22755 2434.22380 2434.22789    0.31051    0.31051    0.31051    0.00000    0.00000    0.00008    0.00079    0.00154    0.00059    0.00132    0.00028    0.00192    0.00002    0.00014   -0.00016    0.98204  266.11112  291.69380  120.29630  280.00000    0.24520    0.20289    0.24769    0.80883    1.65545    0.67822
       1735        222    2.00000   20.00000    4.00000   34.00000   35.50000   34.75000 2292.12192 2154.69623 2159.39720 2434.22756 2434.22382 2434.22789    0.31051    0.31051    0.31051    0.00000    0.00000    0.00008    0.00078    0.00154    0.00058    0.00131    0.00027    0.00190    0.00002    0.00014   -0.00016    0.98202  266.10925  291.69369  120.28202  280.00000    0.24250    0.20039    0.24497    0.80394    1.65065    0.67379
       1745        222    2.00000   20.00000    4.00000   34.00000   35.50000   34.75000 2292.12097 2154.69617 2159.37567 2434.22756 2434.22385 2434.22790    0.31051    0.31051    0.31051    0.00000    0.00000    0.00008    0.00078    0.00153    0.00058    0.00129    0.00027    0.00188    0.00002    0.00014   -0.00016    0.98201  266.10739  291.69357  120.26780  280.00000    0.23984    0.19792    0.24228    0.79911    1.64590    0.66942
       1755        222    2.00000   20.00000    4.00000   34.00000   35.50000   34.75000 2292.12002 2154.69612 2159.35424 2434.22756 2434.22387 2434.22790    0.31051    0.31051    0.31051    0.00000    0.00000    0.00008    0.00077    0.00153    0.00058    0.00128    0.00027    0.00186    0.00002    0.00014   -0.00016    0.98199  266.10554  291.69345  120.25365  280.00000    0.23720    0.19549    0.23962    0.79433    1.64122    0.66510
       1765        222    2.00000   20.00000    4.00000   34.00000   35.50000   34.75000 2292.11908 2154.69606 2159.33290 2434.22757 2434.22390 2434.22790    0.31051    0.31051    0.31051    0.00000    0.00000    0.00008    0.00077    0.00152    0.00057    0.00126    0.00026    0.00184    0.00002    0.00014   -0.00016    0.98198  266.10369  291.69334  120.23956  280.00000    0.23461    0.19308    0.23700    0.78960    1.63659    0.66083
       1775        222    2.00000   20.00000    4.00000   34.00000   35.50000   34.75000 2292.11814 2154.69601 2159.31167 2434.22757 2434.22392 2434.22790    0.31051    0.31051    0.31051    0.00000    0.00000    0.00007    0.00077    0.00152    0.00057    0.00125    0.00026    0.00182    0.00002    0.00014   -0.00016    0.98196  266.10185  291.69322  120.22555  280.00000    0.23204    0.19071    0.23441    0.78493    1.63203    0.65662
       1785        222    2.00000   20.00000    4.00000   34.00000   35.50000   34.75000 2292.11720 2154.69596 2159.29053 2434.22758 2434.22395 2434.22790    0.31051    0.31051    0.31051    0.00000    0.00000    0.00007    0.00076    0.00152    0.00056    0.00124    0.00025    0.00180    0.00002    0.00014   -0.00015    0.98195  266.10003  291.69311  120.21159  280.00000    0.22951    0.18836    0.23185    0.78031    1.62752    0.65246
       1795        222    2.00000   20.00000    4.00000   34.00000   35.50000   34.75000 2292.11627 2154.69590 2159.26948 2434.22758 2434.22397 2434.22790    0.31051    0.31051    0.31051    0.00000    0.00000    0.00007    0.00076    0.00151    0.00056    0.00122    0.00025    0.00178    0.00001    0.00014   -0.00015    0.98193  266.09821  291.69299  120.19771  280.00000    0.22700    0.18604    0.22932    0.77574    1.62307    0.64835
       1805        222    2.00000   20.00000    4.00000   34.00000   35.50000   34.75000 2292.11534 2154.69585 2159.24854 2434.22759 2434.22400 2434.22790    0.31051    0.31051    0.31051    0.00000    0.00000    0.00007    0.00075    0.00151    0.00056    0.00121    0.00025    0.00177    0.00001    0.00014   -0.00015    0.98192  266.09640  291.69288  120.18389  280.00000    0.22453    0.18375    0.22683    0.77122    1.61867    0.64429
       1815        222    2.00000   20.00000    4.00000   34.00000   35.50000   34.75000 2292.11442 2154.69580 2159.22768 2434.22759 2434.22402 2434.22790    0.31051    0.31051    0.31051    0.00000    0.00000    0.00007    0.00075    0.00151    0.00055    0.00120    0.00024    0.00175    0.00001    0.00014   -0.00015    0.98191  266.09459  291.69277  120.17013  280.00000    0.22209    0.18149    0.22436    0.76675    1.61433    0.64028
       1825        222    2.00000   20.00000    4.00000   34.00000   35.50000   34.75000 2292.11350 2154.69574 2159.20693 2434.22759 2434.22404 2434.22790    0.31051    0.31051    0.31051    0.00000    0.00000    0.00007    0.00075    0.00150    0.00055    0.00119    0.00024    0.00173    0.00001    0.00014   -0.00015    0.98189  266.09280  291.69266  120.15644  280.00000    0.21967    0.17925    0.22192    0.76233    1.61004    0.63631
       1835        222    2.00000   20.00000    4.00000   34.00000   35.50000   34.75000 2292.11258 2154.69569 2159.18627 2434.22760 2434.22406 2434.22790    0.31051    0.31051    0.31051    0.00000    0.00000    0.00007    0.00074    0.00150    0.00055    0.00117    0.00024    0.00171    0.00001    0.00014   -0.00015    0.98188  266.09101  291.69255  120.14282  280.00000    0.21729    0.17704    0.21952    0.75795    1.60581    0.63240
       1845        222    2.00000   20.00000    4.00000   34.00000   35.50000   34.75000 2292.11167 2154.69564 2159.16570 2434.22760 2434.22409 2434.22790    0.31051    0.31051    0.31051    0.00000    0.00000    0.00007    0.00074    0.00150    0.00054    0.00116    0.00023    0.00169    0.00001    0.00013   -0.00015    0.98187  266.08923  291.69243  120.12925  280.00000    0.21493    0.17485    0.21714    0.75363    1.60163    0.62852
       1855        222    2.00000   20.00000    4.00000   34.00000   35.50000   34.75000 2292.11076 2154.69558 2159.14523 2434.22761 2434.22411 2434.22790    0.31051    0.31051    0.31051    0.00000    0.00000    0.00007    0.00074    0.00149    0.00054    0.00115    0.00023    0.00167    0.00001    0.00013   -0.00015    0.98185  266.08746  291.69232  120.11576  280.00000    0.21260    0.17269    0.21479    0.74935    1.59749    0.62470
       1865        222    2.00000   20.00000    4.00000   34.00000   35.50000   34.75000 2292.10986 2154.69553 2159.12485 2434.22761 2434.22413 2434.22790    0.31051    0.31051    0.31051    0.00000    0.00000    0.00007    0.00073    0.00149    0.00054    0.00114    0.00023    0.00166    0.00001    0.00013   -0.00015    0.98184  266.08570  291.69221  120.10232  280.00000    0.21030    0.17056    0.21247    0.74511    1.59341    0.62092
       1875        222    2.00000   20.00000    4.00000   34.00000   35.50000   34.75000 2292.10896 2154.69548 2159.10456 2434.22761 2434.22415 2434.22790    0.31051    0.31051    0.31051    0.00000    0.00000    0.00007    0.00073    0.00149    0.00053    0.00112    0.00022    0.00164    0.00001    0.00013   -0.00015    0.98183  266.08395  291.69210  120.08895  280.00000    0.20802    0.16845    0.21017    0.74092    1.58938    0.61718
       1885        222    2.00000   20.00000    4.00000   34.00000   35.50000   34.75000 2292.10807 2154.69542 2159.08437 2434.22762 2434.22417 2434.22791    0.31051    0.31051    0.31051    0.00000    0.00000    0.00006    0.00073    0.00148    0.00053    0.00111    0.00022    0.00162    0.00001    0.00013   -0.00015    0.98181  266.08220  291.69199  120.07564  280.00000    0.20578    0.16636    0.20790    0.73678    1.58540    0.61349
       1895        222    2.00000   20.00000    4.00000   34.00000   35.50000   34.75000 2292.10718 2154.69537 2159.06426 2434.22762 2434.22419 2434.22791    0.31051    0.31051    0.31051    0.00000    0.00000    0.00006    0.00072    0.00148    0.00053    0.00110    0.00022    0.00160    0.00001    0.00013   -0.00014    0.98180  266.08046  291.69189  120.06240  280.00000    0.20355    0.16430    0.20566    0.73267    1.58147    0.60984
       1905        222    2.00000   20.00000    4.00000   34.00000   35.50000   34.75000 2292.10629 2154.69532 2159.04426 2434.22763 2434.22421 2434.22791    0.31051    0.31051    0.31051    0.00000    0.00000    0.00006    0.00072    0.00148    0.00052    0.00109    0.00021    0.00159    0.00001    0.00013   -0.00014    0.98179  266.07873  291.69178  120.04922  280.00000    0.20136    0.16226    0.20344    0.72861    1.57759    0.60623
       1915        222    2.00000   20.00000    4.00000   34.00000   35.50000   34.75000 2292.10541 2154.69526 2159.02434 2434.22763 2434.22423 2434.22791    0.31051    0.31051    0.31051    0.00000    0.00000    0.00006    0.00072    0.00147    0.00052    0.00108    0.00021    0.00157    0.00001    0.00013   -0.00014    0.98178  266.07701  291.69167  120.03609  280.00000    0.19918    0.16024    0.20125    0.72460    1.57375    0.60266
       1925        222    2.00000   20.00000    4.00000   34.00000   35.50000   34.75000 2292.10453 2154.69521 2159.00451 2434.22763 2434.22425 2434.22791    0.31051    0.31051    0.31051    0.00000    0.00000    0.00006    0.00071    0.00147    0.00052    0.00107    0.00021    0.00156    0.00001    0.00013   -0.00014    0.98177  266.07530  291.69156  120.02304  280.00000    0.19704    0.15825    0.19908    0.72062    1.56996    0.59913
       1935        222    2.00000   20.00000    4.00000   34.00000   35.50000   34.75000 2292.10365 2154.69516 2158.98477 2434.22764 2434.22427 2434.22791    0.31051    0.31051    0.31051    0.00000    0.00000    0.00006    0.00071    0.00147    0.00051    0.00105    0.00020    0.00154    0.00001    0.00013   -0.00014    0.98175  266.07359  291.69146  120.01004  280.00000    0.19491    0.15628    0.19694    0.71668    1.56621    0.59564
       1945        222    2.00000   20.00000    4.00000   34.00000   35.50000   34.75000 2292.10278 2154.69510 2158.96513 2434.22764 2434.22429 2434.22791    0.31051    0.31051    0.31051    0.00000    0.00000    0.00006    0.00071    0.00146    0.00051    0.00104    0.00020    0.00152    0.00001    0.00013   -0.00014    0.98174  266.07189  291.69135  119.99710  280.00000    0.19282    0.15433    0.19482    0.71279    1.56251    0.59219
       1955        222    2.00000   20.00000    4.00000   34.00000   35.50000   34.75000 2292.10192 2154.69505 2158.94557 2434.22764 2434.22431 2434.22791    0.31051    0.31051    0.31051    0.00000    0.00000    0.00006    0.00070    0.00146    0.00051    0.00103    0.00020    0.00151    0.00001    0.00013   -0.00014    0.98173  266.07020  291.69125  119.98423  280.00000    0.19074    0.15240    0.19273    0.70893    1.55886    0.58878
       1965        222    2.00000   20.00000    4.00000   34.00000   35.50000   34.75000 2292.10105 2154.69500 2158.92610 2434.22765 2434.22433 2434.22791    0.31051    0.31051    0.31051    0.00000    0.00000    0.00006    0.00070    0.00146    0.00051    0.00102    0.00019    0.00149    0.00001    0.00013   -0.00014    0.98172  266.06852  291.69114  119.97141  280.00000    0.18869    0.15049    0.19066    0.70511    1.55525    0.58540
       1975        222    2.00000   20.00000    4.00000   34.00000   35.50000   34.75000 2292.10019 2154.69495 2158.90673 2434.22765 2434.22435 2434.22791    0.31051    0.31051    0.31051    0.00000    0.00000    0.00006    0.00070    0.00145    0.00050    0.00101    0.00019    0.00148    0.00001    0.00013   -0.00014    0.98171  266.06684  291.69104  119.95866  280.00000    0.18666    0.14860    0.18861    0.70134    1.55168    0.58206
       1985        222    2.00000   20.00000    4.00000   34.00000   35.50000   34.75000 2292.09934 2154.69489 2158.88744 2434.22765 2434.22436 2434.22791    0.31051    0.31051    0.31051    0.00000    0.00000    0.00006    0.00069    0.00145    0.00050    0.00100    0.00019    0.00146    0.00001    0.00013   -0.00014    0.98170  266.06517  291.69093  119.94596  280.00000    0.18465    0.14673    0.18658    0.69759    1.54815    0.57876
       1995        222    2.00000   20.00000    4.00000   34.00000   35.50000   34.75000 2292.09849 2154.69484 2158.86824 2434.22766 2434.22438 2434.22791    0.31051    0.31051    0.31051    0.00000    0.00000    0.00006    0.00069    0.00145    0.00050    0.00099    0.00018    0.00145    0.00001    0.00013   -0.00014    0.98169  266.06351  291.69083  119.93333  280.00000    0.18266    0.14489    0.18458    0.69389    1.54467    0.57550
